             precision    recall  f1-score   support

          1       0.97      0.97      0.97      3515
          2       0.90      0.93      0.92      9903
          3       0.93      0.94      0.93      9286
          4       0.93      0.90      0.92      3430
          5       0.92      0.86      0.89      1013
          6       0.86      0.81      0.83      1071
          7       0.74      0.65      0.69       574
          8       0.97      0.93      0.95      3078

avg / total       0.92      0.92      0.92     31870
