             precision    recall  f1-score   support

          1       0.95      0.98      0.96      8662
          2       0.95      0.90      0.92       618
          3       0.95      0.94      0.95       946
          4       0.94      0.89      0.91       474
          5       0.86      0.70      0.77       484
          6       0.88      0.91      0.89      1276
          7       0.90      0.85      0.87       524
          9       0.80      0.74      0.77       788
         12       0.84      0.83      0.84      1109
         15       0.88      0.73      0.80       391

avg / total       0.92      0.92      0.92     15272
