             precision    recall  f1-score   support

          1       0.94      0.93      0.94      4552
          2       0.88      0.93      0.90      2469
          3       0.93      0.94      0.93      1798
          4       0.92      0.90      0.91      2118
          5       0.91      0.92      0.92      5688
          7       0.87      0.80      0.83       837
          9       0.90      0.86      0.88       602
         14       0.91      0.86      0.89       350

avg / total       0.92      0.92      0.92     18414
