             precision    recall  f1-score   support

          1       0.84      0.88      0.86      3006
          2       0.94      0.96      0.95      2675
          3       0.92      0.90      0.91      5105
          4       0.93      0.93      0.93      2264
          5       0.88      0.83      0.86       936
          6       0.91      0.93      0.92      2593
          7       0.98      0.96      0.97      2048
          8       0.91      0.89      0.90      1224
          9       0.91      0.86      0.89       570

avg / total       0.91      0.91      0.91     20421
