             precision    recall  f1-score   support

          1       0.85      0.87      0.86      9828
          2       0.84      0.82      0.83     13043
          3       0.88      0.89      0.89      1504
          4       0.90      0.93      0.92     13540
          5       0.98      0.92      0.95      1207
          6       0.83      0.80      0.82      1285
          7       0.79      0.76      0.78      1894
          8       0.33      0.00      0.01       252

avg / total       0.86      0.87      0.86     42553
