             precision    recall  f1-score   support

          1       0.95      0.98      0.96      8663
          2       0.94      0.86      0.90       618
          3       0.95      0.94      0.95       946
          4       0.94      0.92      0.93       474
          5       0.84      0.71      0.77       484
          6       0.90      0.89      0.89      1277
          7       0.90      0.87      0.88       524
          9       0.80      0.78      0.79       789
         12       0.86      0.83      0.84      1110
         15       0.87      0.73      0.79       392

avg / total       0.92      0.92      0.92     15277
