             precision    recall  f1-score   support

          1       0.97      0.97      0.97      3515
          2       0.91      0.92      0.91      9903
          3       0.93      0.94      0.93      9286
          4       0.92      0.92      0.92      3430
          5       0.91      0.84      0.87      1013
          6       0.86      0.82      0.84      1070
          7       0.74      0.64      0.68       574
          8       0.96      0.94      0.95      3077

avg / total       0.92      0.92      0.92     31868
