             precision    recall  f1-score   support

          1       0.94      0.93      0.93      4552
          2       0.86      0.93      0.89      2469
          3       0.93      0.94      0.94      1798
          4       0.91      0.90      0.90      2119
          5       0.92      0.92      0.92      5688
          7       0.86      0.79      0.83       837
          9       0.91      0.85      0.88       603
         14       0.93      0.86      0.89       350

avg / total       0.91      0.91      0.91     18416
