             precision    recall  f1-score   support

          1       0.90      0.96      0.93     22630
          2       0.93      0.90      0.92      3479
          3       0.72      0.62      0.67      5058
          4       0.80      0.83      0.82      1940
          5       0.78      0.61      0.68      1238
          7       0.53      0.41      0.46       725
          8       0.78      0.41      0.54       357
         11       0.96      0.88      0.92      1389

avg / total       0.86      0.87      0.86     36816
