             precision    recall  f1-score   support

          1       0.89      0.87      0.88       353
          2       0.73      0.56      0.64       257
          3       0.89      0.96      0.93      6303
          4       0.76      0.88      0.82      1400
          5       0.64      0.62      0.63      3020
          6       0.58      0.57      0.58      2743
          7       0.64      0.32      0.43       972
          8       0.65      0.77      0.70       972
          9       0.72      0.70      0.71       622
         10       0.57      0.76      0.65       732
         11       0.74      0.71      0.72       275
         12       0.60      0.71      0.65       917
         13       0.68      0.65      0.67       485
         14       0.70      0.77      0.74       386
         15       0.79      0.35      0.49       465
         16       0.92      0.93      0.93       443
         21       0.62      0.03      0.05       351

avg / total       0.73      0.74      0.72     20696
