             precision    recall  f1-score   support

          1       0.94      0.94      0.94      6032
          2       0.93      0.94      0.93      6170
          3       0.99      0.97      0.98      8096
          5       0.82      0.88      0.85      4069
          6       0.81      0.88      0.84      4915
          7       0.73      0.55      0.63      1060
          8       0.44      0.26      0.33      1168
         10       0.93      0.95      0.94       556

avg / total       0.89      0.89      0.89     32066
