             precision    recall  f1-score   support

          1       0.91      0.87      0.89       588
          2       0.76      0.55      0.64       429
          3       0.89      0.96      0.92     10505
          4       0.75      0.89      0.82      2334
          5       0.64      0.62      0.63      5034
          6       0.59      0.56      0.57      4573
          7       0.61      0.31      0.41      1620
          8       0.65      0.76      0.70      1620
          9       0.71      0.68      0.69      1036
         10       0.58      0.78      0.67      1220
         11       0.71      0.69      0.70       459
         12       0.58      0.69      0.63      1528
         13       0.67      0.65      0.66       808
         14       0.67      0.74      0.71       644
         15       0.77      0.33      0.47       776
         16       0.93      0.92      0.92       739
         21       0.62      0.02      0.04       585

avg / total       0.73      0.73      0.72     34498
