             precision    recall  f1-score   support

          1       0.93      0.95      0.94      6032
          2       0.93      0.94      0.93      6170
          3       0.98      0.98      0.98      8095
          5       0.83      0.87      0.85      4068
          6       0.82      0.88      0.85      4915
          7       0.76      0.58      0.66      1059
          8       0.46      0.27      0.34      1168
         10       0.95      0.93      0.94       556

avg / total       0.89      0.90      0.89     32063
