             precision    recall  f1-score   support

          1       0.98      0.98      0.98      1929
          2       0.95      0.97      0.96     13306
          3       0.98      0.97      0.97       889
          4       0.94      0.92      0.93      2133
          5       0.95      0.98      0.96      5567
          6       1.00      0.99      0.99      2152
          7       0.96      0.96      0.96      6655
          8       0.97      0.95      0.96       771
          9       0.00      0.00      0.00       121
         10       0.87      0.87      0.87       357
         11       0.33      0.01      0.01       178
         12       0.98      0.94      0.96       140

avg / total       0.95      0.96      0.95     34198
