             precision    recall  f1-score   support

          1       0.92      0.89      0.90       353
          2       0.75      0.50      0.60       258
          3       0.89      0.96      0.93      6303
          4       0.77      0.89      0.83      1401
          5       0.64      0.62      0.63      3021
          6       0.59      0.56      0.57      2744
          7       0.63      0.33      0.43       972
          8       0.64      0.76      0.69       972
          9       0.71      0.72      0.72       622
         10       0.57      0.74      0.64       732
         11       0.73      0.73      0.73       276
         12       0.56      0.72      0.63       917
         13       0.67      0.65      0.66       485
         14       0.69      0.77      0.72       387
         15       0.73      0.34      0.47       466
         16       0.94      0.94      0.94       444
         21       0.69      0.03      0.05       351

avg / total       0.73      0.74      0.72     20704
