             precision    recall  f1-score   support

          1       0.85      0.87      0.86      1804
          2       0.95      0.97      0.96      1605
          3       0.91      0.91      0.91      3063
          4       0.94      0.92      0.93      1358
          5       0.87      0.87      0.87       562
          6       0.91      0.91      0.91      1555
          7       0.98      0.97      0.98      1229
          8       0.91      0.90      0.90       734
          9       0.91      0.86      0.88       342

avg / total       0.91      0.91      0.91     12252
