             precision    recall  f1-score   support

          1       0.84      0.87      0.86      1804
          2       0.95      0.95      0.95      1605
          3       0.92      0.91      0.91      3063
          4       0.94      0.93      0.93      1359
          5       0.86      0.85      0.86       562
          6       0.90      0.93      0.92      1556
          7       0.98      0.97      0.97      1229
          8       0.91      0.91      0.91       734
          9       0.92      0.85      0.88       342

avg / total       0.92      0.92      0.92     12254
