             precision    recall  f1-score   support

          1       0.97      0.97      0.97      2109
          2       0.91      0.92      0.91      5941
          3       0.93      0.94      0.93      5571
          4       0.92      0.91      0.91      2058
          5       0.88      0.84      0.86       608
          6       0.86      0.79      0.83       642
          7       0.75      0.67      0.71       344
          8       0.96      0.94      0.95      1846

avg / total       0.92      0.92      0.92     19119
