             precision    recall  f1-score   support

          1       0.88      0.80      0.84       353
          2       0.74      0.49      0.59       257
          3       0.89      0.96      0.92      6303
          4       0.78      0.90      0.83      1401
          5       0.63      0.62      0.62      3021
          6       0.60      0.58      0.59      2744
          7       0.61      0.32      0.42       972
          8       0.65      0.77      0.70       972
          9       0.70      0.71      0.70       622
         10       0.58      0.75      0.66       732
         11       0.70      0.69      0.69       275
         12       0.58      0.73      0.65       917
         13       0.70      0.61      0.65       485
         14       0.64      0.75      0.69       386
         15       0.69      0.37      0.48       466
         16       0.93      0.93      0.93       444
         21       0.62      0.02      0.04       351

avg / total       0.73      0.74      0.72     20701
