             precision    recall  f1-score   support

          1       0.96      0.98      0.97      5198
          2       0.93      0.88      0.90       371
          3       0.95      0.95      0.95       568
          4       0.93      0.89      0.91       285
          5       0.84      0.72      0.77       291
          6       0.90      0.89      0.89       766
          7       0.89      0.88      0.88       315
          9       0.81      0.80      0.80       474
         12       0.85      0.85      0.85       666
         15       0.89      0.72      0.80       235

avg / total       0.93      0.93      0.93      9169
