             precision    recall  f1-score   support

          1       0.97      0.97      0.97      2109
          2       0.91      0.92      0.92      5942
          3       0.93      0.94      0.94      5572
          4       0.93      0.92      0.92      2058
          5       0.91      0.85      0.88       608
          6       0.84      0.84      0.84       642
          7       0.78      0.65      0.71       345
          8       0.96      0.93      0.94      1847

avg / total       0.92      0.92      0.92     19123
