             precision    recall  f1-score   support

          1       0.94      0.94      0.94      3619
          2       0.93      0.95      0.94      3702
          3       0.98      0.97      0.98      4858
          5       0.84      0.89      0.86      2441
          6       0.81      0.89      0.85      2949
          7       0.77      0.56      0.65       636
          8       0.46      0.26      0.33       701
         10       0.93      0.95      0.94       334

avg / total       0.89      0.90      0.89     19240
