             precision    recall  f1-score   support

          1       0.97      0.97      0.97      2109
          2       0.91      0.93      0.92      5942
          3       0.93      0.94      0.94      5572
          4       0.93      0.93      0.93      2058
          5       0.91      0.84      0.87       608
          6       0.86      0.82      0.84       642
          7       0.75      0.65      0.70       344
          8       0.97      0.94      0.96      1846

avg / total       0.93      0.93      0.93     19121
