             precision    recall  f1-score   support

          1       1.00      1.00      1.00     20171
          2       0.95      0.90      0.92       436
          3       0.97      0.94      0.96       815
          4       0.99      0.99      0.99      3754
          5       0.98      0.98      0.98      1620
          6       0.86      0.89      0.87       660
          7       0.98      0.96      0.97       884
          8       0.99      0.95      0.97       507

avg / total       0.99      0.99      0.99     28847
