             precision    recall  f1-score   support

          1       0.91      0.89      0.90      6978
          2       0.75      0.74      0.75      1927
          3       0.84      0.88      0.86      4337
          4       0.74      0.68      0.71      1417
          5       0.85      0.87      0.86      5061
          6       0.91      0.92      0.92      7893
          7       0.78      0.83      0.80       478
          8       0.69      0.64      0.67       335
          9       0.54      0.13      0.21       294

avg / total       0.86      0.86      0.86     28720
