             precision    recall  f1-score   support

          1       0.95      0.95      0.95     37012
          2       0.99      0.99      0.99     44753
          3       0.92      0.77      0.83       554
          4       0.97      0.98      0.98     30568
          5       0.84      0.92      0.88     29479
          6       0.82      0.70      0.75      5989
          7       0.95      0.93      0.94      5341
          8       0.97      0.95      0.96      3942
          9       0.92      0.89      0.90      2105
         11       0.94      0.92      0.93      4888
         12       0.87      0.83      0.85      1663
         13       0.98      0.94      0.96      1051
         14       0.70      0.40      0.51      4764
         15       0.93      0.92      0.93      1284

avg / total       0.93      0.93      0.93    173393
