             precision    recall  f1-score   support

          1       0.93      0.95      0.94     79983
          2       0.86      0.90      0.88     85632
          3       0.93      0.91      0.92    137936
          4       0.94      0.93      0.94     70121
          5       0.92      0.90      0.91     21511
          6       0.89      0.86      0.87     27972
          7       0.92      0.94      0.93     91372
          8       0.98      0.97      0.98     56191
          9       0.91      0.89      0.90     40064
         10       0.87      0.75      0.81      4023
         11       0.88      0.58      0.70      1449
         12       0.91      0.34      0.49        62
         13       0.00      0.00      0.00         2
         14       0.00      0.00      0.00         3
         15       0.83      0.85      0.84        61
         16       0.91      0.69      0.78        29
         17       0.99      0.96      0.98       476
         18       1.00      0.69      0.82        29

avg / total       0.92      0.92      0.92    616916
