             precision    recall  f1-score   support

          1       0.93      0.90      0.91     16335
          2       0.77      0.60      0.67     12019
          3       0.92      0.96      0.94    282228
          4       0.79      0.91      0.85     61984
          5       0.66      0.67      0.67    135899
          6       0.63      0.59      0.61    122656
          7       0.71      0.36      0.48     41948
          8       0.67      0.76      0.71     43196
          9       0.69      0.72      0.71     27156
         10       0.60      0.76      0.67     31510
         11       0.70      0.34      0.46      7120
         12       0.77      0.71      0.74     12103
         13       0.61      0.72      0.66     40274
         14       0.71      0.70      0.70     21839
         15       0.67      0.81      0.73     17648
         16       0.77      0.36      0.49     20934
         17       0.99      0.94      0.97     19643
         18       0.79      0.92      0.85      3575
         19       0.83      0.73      0.78      5216
         20       0.55      0.10      0.17      1923
         21       0.00      0.00      0.00         4
         22       0.00      0.00      0.00         2
         24       0.00      0.00      0.00         4
         25       0.00      0.00      0.00         1
         26       0.00      0.00      0.00         1
         28       0.00      0.00      0.00         1
         29       0.00      0.00      0.00         1
         30       0.00      0.00      0.00         2
         31       0.00      0.00      0.00         2
         32       0.00      0.00      0.00         2
         34       0.00      0.00      0.00         1
         35       0.00      0.00      0.00         1
         36       0.00      0.00      0.00         1
         38       0.00      0.00      0.00         0
         39       0.00      0.00      0.00         0
         41       0.95      0.83      0.89        24
         42       0.50      0.10      0.16        21
         43       0.93      0.87      0.90      5733
         44       0.80      0.73      0.76        89
         45       0.93      0.92      0.93     10528
         46       0.98      1.00      0.99      5325
         47       0.92      0.72      0.81       741
         48       0.94      0.87      0.90       158

avg / total       0.77      0.77      0.76    947848
