             precision    recall  f1-score   support

          1       0.84      0.79      0.81       492
          2       0.96      0.98      0.97      1524
          3       0.77      0.76      0.76      4707
          4       0.75      0.77      0.76      4215
          5       0.92      0.90      0.91       217
          6       0.91      0.91      0.91       282
          7       0.89      0.88      0.88      1179
          8       0.87      0.80      0.83       461
         10       0.89      0.69      0.78       264
         11       0.93      0.97      0.95       319
         12       0.94      0.94      0.94      1008
         13       0.91      0.95      0.93       471
         14       0.95      0.94      0.94       436
         15       0.95      0.93      0.94       188
         18       0.85      0.88      0.87       308
         20       0.95      0.97      0.96       214

avg / total       0.83      0.83      0.83     16285
