             precision    recall  f1-score   support

          1       0.89      0.96      0.92     63135
          2       0.90      0.90      0.90     63334
          3       0.95      0.96      0.96     85012
          4       0.81      0.65      0.72     21523
          5       0.87      0.85      0.86     80661
          6       0.92      0.90      0.91     58370
          7       0.00      0.00      0.00         1
          8       0.94      0.74      0.83        39

avg / total       0.90      0.90      0.90    372075
