             precision    recall  f1-score   support

          1       0.87      0.95      0.91      2917
          2       0.44      0.22      0.30       187
          3       0.39      0.33      0.36        72
          4       0.00      0.00      0.00        30
          6       0.36      0.29      0.32        35
          7       0.00      0.00      0.00         8
          8       0.43      0.15      0.22        20
          9       1.00      0.09      0.17        11
         10       0.00      0.00      0.00        16
         11       0.49      0.33      0.40        54
         12       0.33      0.04      0.07        24
         13       0.48      0.29      0.36        35
         14       0.40      0.10      0.16        40

avg / total       0.80      0.84      0.81      3449
