             precision    recall  f1-score   support

          1       0.94      0.89      0.91      3515
          2       0.88      0.75      0.81      9903
          3       0.89      0.84      0.87      9286
          4       0.83      0.53      0.64      3430
          5       0.84      0.64      0.72      1013
          6       0.84      0.45      0.59      1070
          7       0.75      0.34      0.47       574
          8       0.94      0.86      0.90      3077
          9       1.00      0.18      0.30        17
         10       0.85      0.34      0.48       177
         11       1.00      0.12      0.22        24
         12       0.42      0.17      0.24       450
         13       0.48      0.46      0.47       346
         14       0.30      0.06      0.10        97
         15       0.00      0.00      0.00        69
         16       0.50      0.21      0.30       284
         17       0.47      0.45      0.46       179
         18       0.50      0.34      0.41       378
         19       0.29      0.04      0.08        91
         20       0.47      0.40      0.43       799
         21       0.37      0.09      0.14       248
         22       0.00      0.00      0.00        64
         23       0.44      0.21      0.29        66
         24       0.43      0.08      0.14       180
         25       0.47      0.10      0.16        83
         26       0.48      0.34      0.40       242
         27       0.46      0.23      0.30       680
         28       0.00      0.00      0.00        64
         29       0.88      0.92      0.90     30400
         30       0.90      0.96      0.93     90143

avg / total       0.88      0.89      0.88    156949
