             precision    recall  f1-score   support

          1       0.95      0.95      0.95     37011
          2       0.99      0.99      0.99     44752
          3       0.90      0.73      0.81       553
          4       0.97      0.98      0.97     30567
          5       0.84      0.92      0.88     29478
          6       0.82      0.70      0.75      5988
          7       0.96      0.92      0.94      5341
          8       0.97      0.95      0.96      3941
          9       0.91      0.89      0.90      2104
         11       0.94      0.92      0.93      4887
         12       0.87      0.84      0.86      1662
         13       0.97      0.92      0.95      1050
         14       0.71      0.39      0.51      4763
         15       0.94      0.91      0.92      1283

avg / total       0.93      0.93      0.93    173380
