             precision    recall  f1-score   support

          1       0.79      0.83      0.81     34335
          2       0.88      0.93      0.90     35339
          3       0.94      0.95      0.94     32038
          4       0.91      0.91      0.91     33537
          5       0.81      0.76      0.79     71727
          6       0.93      0.93      0.93     43058
          7       0.90      0.79      0.85      3207
          8       0.68      0.81      0.74     18646
          9       0.57      0.38      0.46      9335
         10       0.57      0.40      0.47       877
         11       0.43      0.07      0.12       142
         12       1.00      0.14      0.25         7
         13       0.00      0.00      0.00         1
         14       0.00      0.00      0.00         1
         15       0.00      0.00      0.00         1
         16       0.00      0.00      0.00         1
         17       0.99      0.92      0.95       135

avg / total       0.84      0.85      0.84    282387
