             precision    recall  f1-score   support

          1       0.95      0.97      0.96     20159
          2       0.92      0.92      0.92      3476
          3       0.86      0.80      0.83      3047
          4       0.74      0.80      0.77      1972
          5       0.80      0.75      0.77       860
          6       0.82      0.79      0.80      2838
          7       0.90      0.81      0.85      1319
          8       0.81      0.82      0.82       589
          9       0.79      0.82      0.80       427
         10       0.90      0.87      0.89      3288

avg / total       0.91      0.91      0.90     37975
