             precision    recall  f1-score   support

          1       0.87      0.97      0.91      2917
          2       0.51      0.16      0.24       187
          3       0.46      0.31      0.37        72
          4       0.00      0.00      0.00        30
          6       0.50      0.40      0.44        35
          7       0.00      0.00      0.00         7
          8       0.35      0.30      0.32        20
          9       1.00      0.18      0.31        11
         10       1.00      0.06      0.12        16
         11       0.67      0.30      0.41        54
         12       0.67      0.08      0.15        24
         13       0.57      0.11      0.19        35
         14       0.25      0.03      0.05        39

avg / total       0.81      0.85      0.81      3447
