             precision    recall  f1-score   support

          1       0.97      0.98      0.98     33955
          2       0.89      0.91      0.90     41664
          3       0.90      0.80      0.84      2028
          4       0.93      0.92      0.93      4936
          5       0.90      0.89      0.89     15192
          6       0.91      0.90      0.90      9478
          7       0.92      0.91      0.91     17626
          8       0.90      0.91      0.90     17210
          9       0.93      0.90      0.92      1058
         10       0.88      0.90      0.89      1043
         11       0.89      0.66      0.76       491
         12       0.75      0.82      0.78       509
         13       0.67      0.27      0.39       262
         14       0.84      0.75      0.79       239
         15       0.69      0.62      0.65       613
         20       0.89      0.76      0.82       318

avg / total       0.92      0.92      0.92    146622
