             precision    recall  f1-score   support

          1       0.87      0.88      0.88    447149
          2       0.88      0.86      0.87    614224
          3       0.89      0.90      0.90     71898
          4       0.92      0.94      0.93    634539
          5       0.95      0.94      0.95     55443
          6       0.87      0.86      0.87     64458
          7       0.92      0.89      0.90      5558
          8       0.79      0.71      0.75      1126
          9       0.39      0.05      0.09      3002
         10       0.00      0.00      0.00       300
         11       0.00      0.00      0.00         0
         12       0.47      0.41      0.44        63
         13       0.49      0.10      0.17      2682
         14       0.81      0.69      0.74     15979

avg / total       0.89      0.89      0.89   1916421
