             precision    recall  f1-score   support

          1       0.94      0.95      0.94     79983
          2       0.86      0.89      0.88     85632
          3       0.93      0.91      0.92    137936
          4       0.94      0.93      0.94     70121
          5       0.91      0.90      0.91     21511
          6       0.89      0.86      0.87     27971
          7       0.92      0.94      0.93     91372
          8       0.98      0.97      0.98     56191
          9       0.91      0.89      0.90     40064
         10       0.87      0.73      0.79      4022
         11       0.87      0.58      0.70      1449
         12       0.87      0.44      0.59        61
         13       0.00      0.00      0.00         2
         14       0.00      0.00      0.00         2
         15       0.95      0.97      0.96        60
         16       0.97      1.00      0.98        28
         17       0.99      0.95      0.97       475
         18       0.95      0.68      0.79        28

avg / total       0.92      0.92      0.92    616908
