             precision    recall  f1-score   support

          1       0.93      0.94      0.94      1256
          2       0.98      0.99      0.98      1674
          3       0.98      0.98      0.98       968
          4       0.80      0.90      0.85       859
          5       0.73      0.64      0.68       151
          6       0.98      0.86      0.92       111
          7       0.96      0.96      0.96       114
          8       0.94      0.82      0.87        55
          9       1.00      0.86      0.93        37
         10       0.80      0.58      0.67        64
         11       0.55      0.36      0.44       137
         12       0.79      0.35      0.49        31
         13       0.90      0.57      0.69        46
         14       0.96      0.98      0.97       123
         15       0.92      0.91      0.91       191
         16       0.74      0.89      0.81        80

avg / total       0.92      0.92      0.92      5897
