             precision    recall  f1-score   support

          1       0.91      0.91      0.91      5343
          2       0.87      0.85      0.86     14040
          3       0.93      0.95      0.94     21840
          4       0.94      0.92      0.93     14240
          5       0.80      0.75      0.78     19000
          6       0.89      0.88      0.88     18833
          7       0.51      0.54      0.52      3981
          8       0.79      0.80      0.80     13614
          9       0.90      0.93      0.91     10253
         10       0.71      0.76      0.73      5085
         11       0.87      0.87      0.87     33445
         12       0.91      0.90      0.90     19141
         13       0.92      0.95      0.93     20909
         14       0.96      0.98      0.97      3054
         15       0.60      0.61      0.60      3751
         16       0.91      0.93      0.92      1905
         17       0.91      0.79      0.85      2747
         18       0.81      0.83      0.82      1369
         19       0.00      0.00      0.00         3
         20       0.72      0.82      0.77    105114
         21       0.46      0.34      0.39      1041
         22       0.46      0.18      0.26       133
         23       0.50      0.08      0.13        26
         24       0.48      0.32      0.38       693
         25       0.48      0.32      0.38       551
         26       0.45      0.23      0.31       549
         27       0.48      0.27      0.35        52
         28       0.40      0.10      0.17       240
         29       0.47      0.50      0.48       401
         30       0.43      0.26      0.32       300
         31       0.43      0.41      0.42        69
         32       0.00      0.00      0.00        32
         33       0.39      0.47      0.43        38
         34       0.46      0.23      0.31        47
         35       0.76      0.71      0.73       528
         36       0.48      0.08      0.13       261
         37       0.47      0.16      0.24       116
         38       0.40      0.08      0.14       779
         39       0.49      0.36      0.42       487
         40       0.44      0.37      0.40       225
         41       0.48      0.37      0.42      8258
         42       0.44      0.15      0.22       613
         43       0.41      0.08      0.13       519
         44       0.47      0.25      0.33        32
         45       0.46      0.30      0.36       136
         46       0.44      0.16      0.23       315
         47       0.49      0.47      0.48      4094
         48       0.48      0.05      0.09       203
         49       0.17      0.01      0.02        97
         50       0.47      0.07      0.12       114
         51       0.33      0.04      0.07        27
         52       0.49      0.34      0.40      1307
         53       0.50      0.11      0.18        27
         54       0.39      0.05      0.09       138
         55       0.14      0.03      0.05        60
         56       0.50      0.08      0.14        51
         57       0.48      0.36      0.41      1181
         58       0.44      0.43      0.44       301
         59       0.49      0.27      0.35       224
         60       0.50      0.02      0.03       172
         61       0.44      0.24      0.31       775
         62       0.50      0.04      0.07        76
         63       0.44      0.16      0.24        43
         64       0.50      0.41      0.45       852
         65       0.48      0.37      0.42      1143
         66       0.45      0.17      0.24       528
         67       0.50      0.14      0.22       105
         68       0.39      0.11      0.17       399
         69       0.48      0.29      0.36      3342
         70       0.44      0.31      0.36       220
         71       0.40      0.11      0.17        19
         72       0.81      0.95      0.87       145
         73       0.50      0.51      0.50       374
         74       0.42      0.15      0.22       267
         75       0.30      0.06      0.10        50
         76       0.49      0.24      0.33       602
         77       0.40      0.07      0.12        27
         78       0.41      0.32      0.36        77
         79       0.38      0.12      0.18        26
         80       0.14      0.02      0.04        47
         81       0.46      0.27      0.34       120
         82       0.47      0.11      0.17        76
         83       0.20      0.06      0.09        86
         84       0.44      0.24      0.32        94
         85       0.48      0.38      0.42      1092
         86       0.39      0.18      0.24       186
         87       0.41      0.19      0.26       224
         88       0.45      0.18      0.25       159
         89       0.41      0.13      0.20       497
         90       0.21      0.08      0.11        52
         91       0.47      0.13      0.21       340
         92       0.45      0.27      0.34        84
         93       0.48      0.25      0.33       706
         94       0.48      0.39      0.43       370
         95       0.40      0.19      0.26       108
         96       0.42      0.19      0.26        69
         97       0.00      0.00      0.00        36
         98       0.00      0.00      0.00        49
         99       0.41      0.40      0.41        70
        100       0.47      0.25      0.32       710
        101       0.43      0.07      0.12       265
        102       0.25      0.07      0.11        27
        103       0.43      0.31      0.36        32
        104       0.47      0.30      0.37      1567

avg / total       0.78      0.79      0.78    358240
