             precision    recall  f1-score   support

          1       0.86      0.94      0.89    151912
          2       0.81      0.88      0.84     60935
          3       0.77      0.62      0.69     36150
          4       0.84      0.74      0.79      5112
          5       0.81      0.51      0.63     13382
          6       0.59      0.47      0.52      8684
          7       0.69      0.56      0.62      7117
          8       0.99      0.98      0.98     37587
          9       0.55      0.33      0.41      3099
         10       0.49      0.45      0.47      2657
         11       0.82      0.45      0.58      2697
         12       0.80      0.38      0.51       489
         13       0.97      0.96      0.97      1685

avg / total       0.83      0.84      0.83    331506
