             precision    recall  f1-score   support

          1       0.94      0.95      0.94     79984
          2       0.86      0.90      0.88     85633
          3       0.93      0.91      0.92    137936
          4       0.94      0.93      0.94     70122
          5       0.91      0.90      0.91     21511
          6       0.89      0.86      0.88     27972
          7       0.92      0.94      0.93     91372
          8       0.98      0.97      0.98     56192
          9       0.91      0.89      0.90     40064
         10       0.87      0.74      0.80      4023
         11       0.88      0.62      0.73      1449
         12       0.85      0.45      0.59        62
         13       0.00      0.00      0.00         2
         14       0.00      0.00      0.00         3
         15       0.95      0.85      0.90        61
         16       0.93      0.97      0.95        29
         17       0.99      0.96      0.97       476
         18       1.00      0.79      0.88        29

avg / total       0.92      0.92      0.92    616920
