             precision    recall  f1-score   support

          1       0.84      0.88      0.86      9818
          2       0.83      0.83      0.83      4566
          3       0.78      0.90      0.84     21647
          4       0.88      0.90      0.89     17688
          5       0.89      0.88      0.88     22770
          6       0.61      0.58      0.60      1932
          7       0.94      0.95      0.94      8688
          8       0.78      0.75      0.76      8904
          9       0.60      0.62      0.61      7787
         10       0.90      0.91      0.91     17199
         11       0.83      0.88      0.86      8466
         12       0.69      0.64      0.67      7356
         13       0.84      0.90      0.87      9273
         14       0.75      0.76      0.76      9155
         15       0.32      0.08      0.13      1873
         16       0.69      0.55      0.61      7863
         17       0.79      0.61      0.69      5551
         18       0.83      0.85      0.84      2295
         19       0.85      0.85      0.85      6208
         20       0.75      0.76      0.75      1705
         21       0.43      0.02      0.03       182
         22       0.00      0.00      0.00        77
         23       0.57      0.18      0.27        89
         24       0.25      0.04      0.07        26
         25       0.76      0.55      0.64       339
         26       0.00      0.00      0.00         4
         27       0.50      0.07      0.13        27
         28       0.00      0.00      0.00         8
         29       0.00      0.00      0.00         8
         30       0.00      0.00      0.00         7
         32       0.95      0.83      0.88        64
         33       0.94      0.91      0.93       132
         34       0.64      0.70      0.67        84
         35       0.98      0.99      0.99       282
         36       0.99      1.00      0.99       249
         37       0.92      0.94      0.93       324
         38       0.95      0.89      0.92       249
         39       0.96      0.94      0.95       700
         40       0.73      0.38      0.50        29
         41       0.68      0.25      0.36        61
         42       0.98      0.96      0.97       856
         43       0.84      0.72      0.77       204
         44       0.71      0.54      0.61        28
         45       0.93      0.93      0.93       529
         46       0.93      0.93      0.93        46
         47       0.79      0.78      0.78      1164

avg / total       0.81      0.82      0.81    186512
