             precision    recall  f1-score   support

          1       0.92      0.90      0.91      5344
          2       0.87      0.86      0.86     14041
          3       0.93      0.94      0.93     21841
          4       0.94      0.93      0.93     14241
          5       0.82      0.71      0.76     19001
          6       0.89      0.87      0.88     18833
          7       0.50      0.68      0.58      3982
          8       0.81      0.77      0.79     13614
          9       0.89      0.92      0.91     10254
         10       0.70      0.77      0.73      5085
         11       0.86      0.89      0.88     33446
         12       0.90      0.91      0.91     19142
         13       0.91      0.95      0.93     20909
         14       0.97      0.96      0.97      3055
         15       0.62      0.61      0.62      3752
         16       0.91      0.95      0.93      1905
         17       0.91      0.82      0.86      2748
         18       0.83      0.82      0.82      1369
         19       0.00      0.00      0.00         4
         20       0.72      0.82      0.77    105115
         21       0.48      0.29      0.36      1042
         22       0.50      0.07      0.12       133
         23       0.33      0.15      0.21        27
         24       0.48      0.31      0.37       694
         25       0.49      0.31      0.38       552
         26       0.47      0.19      0.27       549
         27       0.39      0.43      0.41        53
         28       0.43      0.12      0.19       240
         29       0.48      0.40      0.44       402
         30       0.48      0.23      0.31       301
         31       0.42      0.21      0.28        70
         32       0.00      0.00      0.00        33
         33       0.48      0.29      0.36        38
         34       0.50      0.19      0.28        47
         35       0.74      0.71      0.73       529
         36       0.49      0.13      0.21       262
         37       0.47      0.24      0.32       117
         38       0.40      0.13      0.19       779
         39       0.48      0.45      0.46       487
         40       0.43      0.23      0.30       226
         41       0.48      0.35      0.41      8258
         42       0.43      0.16      0.23       613
         43       0.47      0.06      0.10       520
         44       0.44      0.53      0.48        32
         45       0.50      0.17      0.25       137
         46       0.36      0.10      0.16       316
         47       0.50      0.45      0.47      4095
         48       0.45      0.05      0.09       204
         49       0.50      0.01      0.02        98
         50       0.49      0.19      0.27       115
         51       0.00      0.00      0.00        27
         52       0.49      0.34      0.40      1307
         53       0.33      0.19      0.24        27
         54       0.37      0.05      0.09       139
         55       0.00      0.00      0.00        61
         56       0.33      0.04      0.07        51
         57       0.49      0.35      0.41      1182
         58       0.48      0.33      0.39       302
         59       0.44      0.33      0.38       224
         60       0.39      0.09      0.15       173
         61       0.46      0.21      0.29       776
         62       0.00      0.00      0.00        76
         63       0.41      0.30      0.34        44
         64       0.48      0.49      0.48       852
         65       0.49      0.41      0.45      1144
         66       0.45      0.20      0.28       529
         67       0.31      0.05      0.08       105
         68       0.43      0.08      0.13       400
         69       0.48      0.30      0.37      3343
         70       0.48      0.26      0.34       221
         71       0.50      0.15      0.23        20
         72       0.81      0.95      0.87       146
         73       0.47      0.43      0.45       375
         74       0.43      0.24      0.31       268
         75       0.38      0.06      0.10        51
         76       0.48      0.30      0.37       602
         77       0.33      0.04      0.06        28
         78       0.43      0.21      0.28        78
         79       0.50      0.19      0.27        27
         80       0.20      0.04      0.07        47
         81       0.50      0.26      0.34       121
         82       0.36      0.13      0.19        77
         83       0.35      0.07      0.12        87
         84       0.50      0.15      0.23        94
         85       0.49      0.37      0.42      1093
         86       0.48      0.15      0.23       187
         87       0.42      0.10      0.16       225
         88       0.44      0.22      0.29       159
         89       0.43      0.15      0.22       498
         90       0.50      0.10      0.16        52
         91       0.48      0.09      0.15       341
         92       0.45      0.35      0.39        84
         93       0.47      0.26      0.34       707
         94       0.49      0.35      0.41       370
         95       0.44      0.21      0.29       108
         96       0.50      0.17      0.26        70
         97       0.00      0.00      0.00        37
         98       0.20      0.02      0.04        49
         99       0.46      0.25      0.33        71
        100       0.44      0.19      0.27       711
        101       0.46      0.10      0.17       266
        102       0.32      0.21      0.26        28
        103       0.33      0.24      0.28        33
        104       0.48      0.31      0.37      1568

avg / total       0.78      0.79      0.78    358311
