             precision    recall  f1-score   support

          1       0.86      0.99      0.92      2916
          2       0.60      0.13      0.21       186
          3       0.71      0.17      0.27        72
          4       0.00      0.00      0.00        30
          6       0.47      0.26      0.34        34
          7       0.00      0.00      0.00         7
          8       0.33      0.05      0.09        19
          9       1.00      0.10      0.18        10
         10       0.38      0.19      0.25        16
         11       0.83      0.19      0.30        54
         12       0.75      0.12      0.21        24
         13       1.00      0.15      0.26        34
         14       0.50      0.03      0.05        39

avg / total       0.82      0.86      0.81      3441
