             precision    recall  f1-score   support

          1       0.70      0.78      0.74     26581
          2       0.94      0.93      0.93      2683
          3       0.62      0.45      0.52     13707
          4       0.58      0.51      0.54      7037
          5       0.81      0.85      0.83     17343
          6       0.84      0.88      0.86     15278
          7       0.95      0.99      0.97     10284
          8       0.83      0.88      0.86     20795
          9       0.88      0.79      0.83       996
         10       0.78      0.67      0.72      1240
         11       0.72      0.67      0.70      2152
         12       0.79      0.64      0.71      2386
         13       0.77      0.77      0.77      2001
         14       0.94      0.88      0.91       606
         15       0.86      0.27      0.41       490
         16       0.35      0.02      0.04       578
         17       0.87      0.89      0.88      2456
         18       0.75      0.08      0.15        37
         19       0.00      0.00      0.00         2
         20       0.00      0.00      0.00         2
         21       0.97      0.96      0.97       310
         22       1.00      0.96      0.98        68
         23       1.00      0.95      0.97        19
         24       0.91      0.65      0.75        31
         25       1.00      0.89      0.94        19
         26       1.00      0.88      0.94        43
         27       0.92      1.00      0.96        80
         28       0.94      0.94      0.94        36
         29       1.00      0.61      0.76        18
         30       0.98      0.99      0.99      2603
         31       0.97      0.95      0.96        41
         32       1.00      0.97      0.98        32
         33       0.91      0.83      0.87       130

avg / total       0.78      0.79      0.78    130084
