             precision    recall  f1-score   support

          1       0.65      0.60      0.62       394
          2       0.55      0.50      0.52       251
          3       0.76      0.82      0.79       449
          4       0.58      0.54      0.56       337
          5       0.77      0.83      0.80       438
          6       0.96      0.98      0.97       377
          7       0.79      0.85      0.82       650
          8       0.89      0.74      0.81        57
          9       0.90      0.59      0.71        61
         10       1.00      0.75      0.86        20
         11       0.86      0.43      0.57        14
         12       0.64      0.49      0.55        43
         13       0.97      0.98      0.97       295

avg / total       0.77      0.77      0.77      3386
