             precision    recall  f1-score   support

          1       0.97      0.98      0.97     95868
          2       0.94      0.96      0.95    278721
          3       0.93      0.90      0.91     12036
          4       0.94      0.94      0.94     99688
          5       0.91      0.89      0.90     31026
          6       0.89      0.84      0.87     29339
          7       0.80      0.77      0.78     21418
          8       0.97      0.95      0.96     81078
          9       0.86      0.94      0.90      7742
         10       0.88      0.80      0.83      2798
         11       0.93      0.91      0.92       878
         12       0.95      0.91      0.93      3649
         13       0.61      0.26      0.37      1293
         14       0.00      0.00      0.00        11
         15       1.00      0.01      0.01       340
         16       0.00      0.00      0.00        24
         17       0.00      0.00      0.00        86
         18       0.78      0.06      0.11       115
         19       0.00      0.00      0.00       203
         20       0.00      0.00      0.00        20
         22       0.84      0.69      0.76        99
         23       0.82      0.70      0.76        40
         24       0.92      0.93      0.93       181
         25       0.95      0.90      0.92       176
         26       0.96      0.95      0.95       274
         27       0.89      0.77      0.83        71
         28       0.94      0.85      0.89        86
         29       0.91      0.93      0.92        92
         30       0.89      0.81      0.85        68
         31       0.96      0.93      0.95       478

avg / total       0.94      0.94      0.94    667898
