             precision    recall  f1-score   support

          1       0.95      0.94      0.94    137506
          2       0.89      0.95      0.92     72592
          3       0.93      0.95      0.94     52180
          4       0.87      0.91      0.89     62380
          5       0.91      0.93      0.92    168621
          6       0.58      0.40      0.47      8974
          7       0.81      0.82      0.82     24722
          8       0.77      0.74      0.75      4683
          9       0.96      0.95      0.96     27535
         10       0.72      0.52      0.60      3290
         11       0.64      0.57      0.60     29785
         12       0.49      0.14      0.22      1960
         13       0.99      1.00      0.99      5744
         14       0.84      0.82      0.83      2383
         15       0.65      0.45      0.53      3166
         16       0.60      0.37      0.46       854
         17       0.59      0.22      0.32      1422
         18       0.46      0.09      0.14       291
         19       0.86      0.85      0.86       737
         20       0.67      0.27      0.39       241

avg / total       0.89      0.89      0.89    609066
