             precision    recall  f1-score   support

          1       0.90      0.96      0.93     22630
          2       0.92      0.91      0.91      3479
          3       0.71      0.60      0.65      5059
          4       0.80      0.82      0.81      1940
          5       0.70      0.54      0.61      1239
          6       0.65      0.34      0.45       117
          7       0.51      0.36      0.42       726
          8       0.79      0.41      0.54       357
          9       0.47      0.28      0.35       202
         10       0.67      0.28      0.39       170
         11       0.96      0.90      0.93      1390
         12       0.62      0.11      0.19        46
         13       0.96      0.97      0.96        68
         14       0.98      0.99      0.99     28186

avg / total       0.91      0.91      0.91     65609
