             precision    recall  f1-score   support

          1       0.64      0.51      0.57      4268
          2       0.92      0.92      0.92     55281
          3       0.85      0.89      0.87      6105
          4       0.92      0.95      0.94     23182
          5       0.79      0.81      0.80      3379
          6       0.68      0.19      0.30       377
          7       0.85      0.82      0.83      1543
          8       0.89      0.93      0.91      3377
          9       0.85      0.89      0.87      3571
         10       0.65      0.14      0.23       549
         11       0.84      0.86      0.85      2926
         13       0.75      0.77      0.76       895
         14       0.91      0.91      0.91       259
         15       0.79      0.64      0.71       418
         16       0.77      0.65      0.70       390

avg / total       0.89      0.89      0.89    106520
