             precision    recall  f1-score   support

          1       0.95      0.94      0.94    137506
          2       0.89      0.95      0.92     72593
          3       0.92      0.95      0.94     52181
          4       0.87      0.91      0.89     62380
          5       0.91      0.93      0.92    168622
          6       0.57      0.39      0.46      8974
          7       0.81      0.82      0.81     24722
          8       0.76      0.74      0.75      4684
          9       0.96      0.95      0.96     27535
         10       0.75      0.54      0.63      3290
         11       0.64      0.57      0.60     29785
         12       0.52      0.14      0.22      1960
         13       0.99      1.00      0.99      5745
         14       0.82      0.83      0.82      2383
         15       0.64      0.45      0.53      3166
         16       0.62      0.43      0.51       855
         17       0.56      0.21      0.31      1422
         18       0.35      0.07      0.11       292
         19       0.87      0.82      0.85       738
         20       0.63      0.24      0.35       241

avg / total       0.89      0.89      0.89    609074
