             precision    recall  f1-score   support

          1       0.65      0.51      0.57      4268
          2       0.91      0.93      0.92     55282
          3       0.85      0.89      0.87      6105
          4       0.93      0.94      0.94     23183
          5       0.80      0.80      0.80      3380
          6       0.63      0.20      0.31       378
          7       0.83      0.85      0.84      1544
          8       0.89      0.93      0.91      3378
          9       0.86      0.86      0.86      3572
         10       0.57      0.17      0.26       550
         11       0.83      0.86      0.84      2926
         13       0.78      0.75      0.77       896
         14       0.93      0.80      0.86       260
         15       0.78      0.64      0.71       418
         16       0.70      0.64      0.67       391

avg / total       0.89      0.89      0.89    106531
