             precision    recall  f1-score   support

          1       0.95      0.95      0.95     37011
          2       0.99      0.99      0.99     44752
          3       0.87      0.76      0.81       554
          4       0.97      0.98      0.97     30568
          5       0.84      0.93      0.88     29478
          6       0.81      0.70      0.75      5989
          7       0.95      0.93      0.94      5341
          8       0.97      0.94      0.95      3941
          9       0.91      0.88      0.89      2105
         11       0.94      0.92      0.93      4887
         12       0.86      0.81      0.84      1663
         13       0.97      0.93      0.95      1050
         14       0.72      0.40      0.52      4763
         15       0.93      0.90      0.92      1283

avg / total       0.93      0.93      0.93    173385
