             precision    recall  f1-score   support

          1       0.89      0.80      0.84       589
          2       0.78      0.49      0.60       429
          3       0.90      0.96      0.93     10505
          4       0.80      0.78      0.79      2334
          5       0.65      0.55      0.60      5035
          6       0.62      0.46      0.53      4573
          7       0.66      0.28      0.40      1620
          8       0.64      0.71      0.67      1620
          9       0.74      0.63      0.68      1037
         10       0.60      0.59      0.60      1220
         11       0.78      0.59      0.67       459
         12       0.60      0.57      0.58      1528
         13       0.66      0.55      0.60       808
         14       0.68      0.68      0.68       644
         15       0.71      0.36      0.47       776
         16       0.97      0.93      0.95       740
         17       0.79      0.25      0.38       215
         18       0.68      0.85      0.76       130
         19       0.75      0.67      0.71       204
         20       0.30      0.04      0.08        67
         21       0.49      0.61      0.54    108904
         22       0.49      0.52      0.50     16915
         23       0.45      0.26      0.33       242
         24       0.48      0.38      0.43    127827
         25       0.50      0.66      0.57      5801
         26       0.45      0.47      0.46     10865
         27       0.48      0.24      0.32       271
         28       0.50      0.43      0.46      2414
         29       0.83      0.77      0.80       494
         30       0.55      0.55      0.55     22377
         31       0.79      0.49      0.60      5628

avg / total       0.52      0.52      0.51    336271
