             precision    recall  f1-score   support

          1       0.87      0.88      0.88    447149
          2       0.88      0.86      0.87    614225
          3       0.89      0.90      0.90     71899
          4       0.92      0.94      0.93    634540
          5       0.95      0.94      0.95     55443
          6       0.87      0.86      0.87     64458
          7       0.91      0.89      0.90      5558
          8       0.82      0.71      0.76      1126
          9       0.43      0.06      0.10      3003
         10       0.00      0.00      0.00       301
         11       0.00      0.00      0.00         1
         12       0.46      0.42      0.44        64
         13       0.52      0.11      0.18      2683
         14       0.81      0.69      0.75     15979

avg / total       0.89      0.89      0.89   1916429
