             precision    recall  f1-score   support

          1       0.90      0.90      0.90     13341
          2       0.96      0.98      0.97    241853
          3       0.89      0.92      0.91     32642
          4       0.92      0.88      0.90      4047
          5       0.77      0.67      0.71     22459
          6       0.61      0.73      0.67      8038
          7       0.91      0.89      0.90     19843
          8       0.94      0.95      0.95     41955
          9       0.95      0.94      0.95     14658
         10       0.80      0.74      0.77     17805
         11       0.73      0.73      0.73     10797
         12       0.88      0.92      0.90     58705
         13       0.89      0.88      0.88     28473
         14       0.86      0.83      0.84     12341
         15       0.86      0.85      0.86     40787
         16       0.81      0.65      0.72      8067
         17       0.89      0.86      0.88      8608
         18       0.68      0.55      0.60      6111
         19       0.82      0.48      0.60       898
         20       0.00      0.00      0.00        15
         21       0.00      0.00      0.00         7
         22       0.72      0.82      0.77        22
         23       0.88      0.16      0.28        91
         24       0.92      0.93      0.93       100
         25       1.00      0.57      0.73        21
         26       0.97      0.80      0.88        71
         27       0.98      1.00      0.99       164
         28       0.97      0.95      0.96       544
         29       0.97      0.90      0.93       142

avg / total       0.90      0.90      0.90    592605
