             precision    recall  f1-score   support

          2       0.96      0.95      0.96      1111
          3       0.92      0.96      0.94       545
          4       0.93      0.96      0.94       894
          5       0.98      0.96      0.97       326
          6       0.98      0.95      0.97       750
          7       0.98      0.97      0.97       412
          8       0.99      0.98      0.98       372
         10       0.95      0.95      0.95       258

avg / total       0.96      0.96      0.96      4668
