             precision    recall  f1-score   support

          1       0.87      0.83      0.85      2497
          2       0.97      0.98      0.98      4870
          3       0.92      0.92      0.92     18367
          4       0.89      0.91      0.90     13058
          5       0.91      0.92      0.92      5296
          6       0.43      0.09      0.14        35
          7       0.91      0.93      0.92      4154
          8       0.87      0.84      0.85      1606
          9       0.87      0.79      0.83      1586
         10       0.89      0.83      0.86      1336
         11       0.96      0.92      0.94       722
         12       0.89      0.88      0.88       334
         13       0.84      0.78      0.81       731
         14       0.89      0.84      0.87       441
         15       0.77      0.54      0.63       148
         16       0.92      0.87      0.90        79
         17       0.79      0.90      0.84       143
         18       1.00      0.61      0.76        18
         19       0.93      0.64      0.76        22

avg / total       0.91      0.91      0.91     55443
