             precision    recall  f1-score   support

          1       0.74      0.89      0.80     18329
          2       0.69      0.54      0.61      2441
          3       0.81      0.83      0.82     20581
          4       0.80      0.82      0.81     11661
          5       0.70      0.44      0.54      6852
          6       0.83      0.69      0.76      1265
          7       0.79      0.83      0.81      5565
          8       0.90      0.90      0.90      6854
          9       0.86      0.86      0.86      1288
         10       0.85      0.87      0.86      2552
         11       0.74      0.72      0.73      3375
         12       0.92      0.83      0.87       891
         13       0.71      0.64      0.67      5087
         14       0.68      0.63      0.65      1384
         15       0.81      0.82      0.81      3369
         16       0.96      0.97      0.97      4680
         17       0.77      0.86      0.81      2349
         18       0.86      0.77      0.81      1240
         19       0.78      0.71      0.74       435
         20       0.89      0.89      0.89      1618
         21       0.65      0.46      0.53       658
         22       0.76      0.70      0.73      1627
         23       0.95      0.91      0.93       745
         24       0.80      0.67      0.73       739
         25       0.76      0.48      0.59       459

avg / total       0.79      0.79      0.79    106044
