             precision    recall  f1-score   support

          1       0.95      0.97      0.96    147488
          2       0.89      0.96      0.92     37692
          3       0.84      0.71      0.77      1602
          4       0.91      0.90      0.90     32365
          5       0.79      0.78      0.78      2117
          6       0.95      0.96      0.96     51019
          7       0.68      0.45      0.54      1608
          8       0.74      0.64      0.68      4592
          9       0.78      0.76      0.77     10337
         10       0.73      0.60      0.66      3352
         11       0.76      0.64      0.69      2863
         12       0.95      0.94      0.95     19330
         13       0.87      0.72      0.79      5138
         14       0.84      0.67      0.75      1917
         15       0.62      0.53      0.57      1651
         16       0.76      0.60      0.67      4809
         17       0.71      0.55      0.62      2301
         18       0.81      0.76      0.79      2188
         19       0.66      0.51      0.57       944

avg / total       0.91      0.92      0.92    333313
