             precision    recall  f1-score   support

          1       0.73      0.88      0.80     18330
          2       0.67      0.53      0.59      2442
          3       0.82      0.82      0.82     20581
          4       0.79      0.81      0.80     11661
          5       0.68      0.44      0.53      6852
          6       0.82      0.73      0.77      1265
          7       0.78      0.81      0.80      5565
          8       0.90      0.89      0.90      6855
          9       0.86      0.83      0.85      1289
         10       0.86      0.87      0.86      2552
         11       0.75      0.72      0.74      3375
         12       0.94      0.82      0.88       891
         13       0.70      0.66      0.68      5087
         14       0.66      0.63      0.64      1384
         15       0.81      0.83      0.82      3369
         16       0.96      0.96      0.96      4680
         17       0.78      0.85      0.81      2350
         18       0.86      0.77      0.81      1240
         19       0.76      0.69      0.73       435
         20       0.89      0.87      0.88      1618
         21       0.64      0.41      0.50       658
         22       0.75      0.70      0.73      1627
         23       0.96      0.92      0.94       745
         24       0.79      0.64      0.71       740
         25       0.78      0.48      0.59       460

avg / total       0.79      0.79      0.79    106051
