             precision    recall  f1-score   support

          1       0.89      0.82      0.85     26759
          2       0.89      0.88      0.88     37204
          3       0.89      0.89      0.89    124475
          4       0.71      0.32      0.44     16058
          5       0.94      0.96      0.95    117573
          6       0.89      0.96      0.92    195478
          7       0.91      0.88      0.90     13300
          8       0.97      0.95      0.96     86798
          9       0.91      0.85      0.87     34995
         10       0.82      0.83      0.82      2040
         11       0.81      0.68      0.74      2441

avg / total       0.90      0.91      0.90    657121
