             precision    recall  f1-score   support

          1       0.89      0.81      0.85     26758
          2       0.89      0.87      0.88     37204
          3       0.89      0.89      0.89    124475
          4       0.72      0.33      0.45     16058
          5       0.94      0.96      0.95    117572
          6       0.89      0.96      0.92    195478
          7       0.92      0.88      0.90     13300
          8       0.97      0.95      0.96     86798
          9       0.91      0.85      0.88     34994
         10       0.83      0.83      0.83      2040
         11       0.80      0.69      0.74      2440

avg / total       0.91      0.91      0.91    657117
