             precision    recall  f1-score   support

          1       0.96      0.97      0.97     45915
          2       0.99      0.98      0.98     18609
          3       0.97      0.98      0.97     64862
          4       0.63      0.35      0.45      1010
          5       0.64      0.74      0.69      1998
          6       0.82      0.78      0.80      7354
          7       0.68      0.73      0.71      4053
          8       0.84      0.88      0.86     11956
          9       0.81      0.77      0.79      1003
         10       0.69      0.45      0.54      1284
         11       0.68      0.74      0.71      4633
         12       0.92      0.94      0.93      9993
         13       0.81      0.87      0.84     13015
         14       0.67      0.50      0.57      4559
         15       0.71      0.66      0.69      3390
         16       0.89      0.84      0.87      3911
         17       0.94      0.90      0.92      1283
         18       0.69      0.67      0.68       414
         19       0.74      0.77      0.76      3606
         20       0.74      0.59      0.66       969
         21       0.70      0.52      0.60      1578
         22       0.76      0.65      0.70      3505
         24       0.68      0.59      0.63       938
         25       0.62      0.61      0.61      1301
         26       0.82      0.72      0.77       602
         27       0.95      0.89      0.92      1129
         28       0.72      0.66      0.69       406

avg / total       0.90      0.90      0.90    213276
