             precision    recall  f1-score   support

          1       0.87      0.90      0.88        88
          2       0.77      0.86      0.82       148
          3       0.96      0.95      0.95       110
          4       0.92      0.79      0.85        82
          5       0.90      0.92      0.91       253
          6       0.91      0.91      0.91        11
          7       0.97      0.97      0.97       117
          8       0.87      0.83      0.85        66
          9       1.00      0.69      0.81        16
         10       0.82      0.88      0.85        42
         11       1.00      1.00      1.00        18
         12       0.90      0.60      0.72        15
         13       0.92      0.89      0.91        27
         14       0.94      0.79      0.86        19

avg / total       0.89      0.89      0.89      1012
