             precision    recall  f1-score   support

          1       0.91      0.90      0.91       105
          2       1.00      1.00      1.00        21
          3       0.94      0.96      0.95       123
          4       0.98      1.00      0.99        41
          5       0.92      0.95      0.93       120
          6       1.00      0.97      0.98        32
          7       0.94      0.96      0.95       127
          8       0.96      0.96      0.96        55
          9       1.00      0.96      0.98        72
         10       1.00      1.00      1.00        12
         11       0.95      1.00      0.97        19
         12       1.00      0.50      0.67        12

avg / total       0.95      0.95      0.95       739
