             precision    recall  f1-score   support

          1       0.96      0.96      0.96        23
          2       0.92      0.87      0.90        55
          3       1.00      1.00      1.00        15
          4       1.00      0.96      0.98        25
          5       0.92      1.00      0.96        11
          6       0.91      0.98      0.94       130
          7       0.97      0.88      0.92        69
          8       0.91      0.91      0.91        23
          9       1.00      0.86      0.92        14

avg / total       0.94      0.94      0.94       365
