             precision    recall  f1-score   support

          1       0.98      0.90      0.93        88
          2       0.84      0.98      0.91        44
          3       1.00      0.89      0.94        18
          4       0.80      0.80      0.80        10
          5       1.00      0.90      0.95        42
          6       0.79      0.92      0.85        12
          7       0.83      0.96      0.89        68
          8       0.73      0.62      0.67        13
          9       0.71      0.45      0.56        11

avg / total       0.90      0.89      0.89       306
