             precision    recall  f1-score   support

          1       0.93      0.91      0.92       140
          2       0.97      0.99      0.98       281
          3       0.99      0.99      0.99       389
          4       0.97      0.98      0.97       178
          5       1.00      0.99      0.99       148
          6       1.00      0.98      0.99        54
          7       0.89      0.89      0.89       149
          8       1.00      1.00      1.00       241
          9       0.99      0.99      0.99       167
         10       0.88      0.91      0.89        95
         11       1.00      1.00      1.00        20
         12       0.89      0.73      0.80        11
         13       1.00      0.82      0.90        11
         14       0.96      0.96      0.96        27

avg / total       0.97      0.97      0.97      1911
