             precision    recall  f1-score   support

          1       0.79      0.83      0.81        18
          2       0.88      1.00      0.93        14
          3       1.00      0.85      0.92        27
          4       1.00      1.00      1.00        19
          5       0.92      1.00      0.96        11
          6       0.91      0.95      0.93        22
          7       1.00      0.96      0.98        24
          8       0.93      0.93      0.93        14
          9       0.97      0.97      0.97        35

avg / total       0.94      0.94      0.94       184
