             precision    recall  f1-score   support

          1       0.90      0.84      0.87       197
          2       0.94      0.56      0.70        27
          3       0.95      0.98      0.97       309
          4       0.80      0.96      0.87        94
          5       0.76      0.88      0.82        58
          6       0.92      0.97      0.94       166
          7       0.86      0.82      0.84       195
          8       0.76      0.67      0.71        75
          9       0.75      0.78      0.77        55
         10       0.89      0.73      0.80        11
         11       0.92      0.85      0.88        13
         12       0.87      0.83      0.85        48

avg / total       0.88      0.88      0.88      1248
