             precision    recall  f1-score   support

          1       0.75      0.60      0.67        20
          2       0.81      0.84      0.83        31
          3       0.93      0.96      0.95        27
          4       0.62      0.42      0.50        12
          5       0.75      0.75      0.75        44
          6       0.78      1.00      0.88        14
          7       0.90      0.93      0.92        30
          8       0.74      0.80      0.77        44
          9       0.85      0.73      0.79        15
         10       0.90      0.90      0.90        21

avg / total       0.81      0.81      0.81       258
