             precision    recall  f1-score   support

          1       0.98      0.99      0.99       135
          2       0.98      1.00      0.99        83
          3       0.82      0.90      0.86        31
          4       1.00      0.92      0.96        24
          5       1.00      0.71      0.83        17
          6       0.92      1.00      0.96        11
          7       1.00      0.89      0.94        19
          8       0.75      0.90      0.82        10
          9       1.00      0.94      0.97        16

avg / total       0.96      0.96      0.96       346
