             precision    recall  f1-score   support

          1       0.78      0.65      0.70        48
          2       0.97      0.98      0.98       154
          3       0.83      0.89      0.86        61
          4       0.86      0.81      0.84        54
          5       0.63      0.71      0.67        99
          6       0.60      0.70      0.65       142
          7       0.91      0.77      0.83        75
          8       0.68      0.71      0.69        38
          9       0.61      0.52      0.56        21
         10       0.58      0.63      0.60        92
         11       0.55      0.49      0.52        82
         12       0.67      0.59      0.62        34
         13       0.65      0.58      0.61        45
         14       0.84      0.93      0.88        56
         15       0.74      0.66      0.70        59
         16       0.74      0.70      0.72        20
         17       1.00      0.55      0.71        11

avg / total       0.74      0.73      0.73      1091
