             precision    recall  f1-score   support

          1       0.94      0.89      0.91        18
          2       1.00      1.00      1.00        13
          3       0.93      0.93      0.93        27
          4       1.00      1.00      1.00        18
          5       0.91      1.00      0.95        10
          6       0.92      1.00      0.96        22
          7       1.00      0.96      0.98        23
          8       1.00      0.85      0.92        13
          9       0.97      1.00      0.99        34

avg / total       0.96      0.96      0.96       178
