             precision    recall  f1-score   support

          1       0.84      0.84      0.84       197
          2       0.74      0.52      0.61        27
          3       0.93      0.97      0.95       309
          4       0.83      0.89      0.86        95
          5       0.88      0.91      0.90        58
          6       0.94      0.92      0.93       166
          7       0.85      0.88      0.86       195
          8       0.81      0.77      0.79        75
          9       0.88      0.82      0.85        55
         10       0.89      0.73      0.80        11
         11       0.75      0.92      0.83        13
         12       0.89      0.65      0.75        48

avg / total       0.88      0.88      0.87      1249
