             precision    recall  f1-score   support

          1       0.89      0.91      0.90       139
          2       0.96      0.98      0.97       281
          3       1.00      0.99      0.99       389
          4       0.98      0.98      0.98       178
          5       1.00      0.98      0.99       148
          6       0.96      0.98      0.97        54
          7       0.88      0.87      0.87       149
          8       0.99      1.00      1.00       241
          9       1.00      0.99      1.00       166
         10       0.94      0.94      0.94        94
         11       1.00      1.00      1.00        20
         12       1.00      1.00      1.00        10
         13       0.92      1.00      0.96        11
         14       1.00      1.00      1.00        26

avg / total       0.97      0.97      0.97      1906
