             precision    recall  f1-score   support

          1       0.85      0.99      0.92       101
          2       1.00      0.99      0.99        88
          3       0.85      0.98      0.91       106
          4       0.50      0.05      0.09        20
          5       0.00      0.00      0.00        14
          6       0.57      0.37      0.45        35
          7       0.72      0.85      0.78        67
          8       1.00      1.00      1.00        13
          9       1.00      0.92      0.96        12

avg / total       0.80      0.85      0.81       456
