             precision    recall  f1-score   support

          1       0.88      0.91      0.90       105
          2       1.00      1.00      1.00        21
          3       0.95      0.97      0.96       122
          4       1.00      1.00      1.00        41
          5       0.99      0.94      0.97       120
          6       1.00      1.00      1.00        31
          7       0.90      0.95      0.92       126
          8       0.98      0.98      0.98        54
          9       1.00      0.97      0.99        71
         10       1.00      1.00      1.00        12
         11       1.00      1.00      1.00        18
         12       0.80      0.36      0.50        11

avg / total       0.95      0.95      0.95       732
