             precision    recall  f1-score   support

          1       0.84      0.85      0.84        89
          2       0.78      0.80      0.79       149
          3       0.97      0.94      0.95       111
          4       0.90      0.86      0.88        83
          5       0.88      0.94      0.91       253
          6       0.91      0.91      0.91        11
          7       0.97      0.95      0.96       118
          8       0.81      0.73      0.77        66
          9       1.00      0.88      0.94        17
         10       0.95      0.93      0.94        43
         11       1.00      1.00      1.00        18
         12       0.91      0.67      0.77        15
         13       0.81      0.93      0.87        28
         14       0.94      0.79      0.86        19

avg / total       0.89      0.88      0.88      1020
