             precision    recall  f1-score   support

          1       0.97      0.95      0.96       139
          2       0.99      0.99      0.99       281
          3       0.99      0.99      0.99       389
          4       0.98      0.99      0.98       178
          5       1.00      1.00      1.00       148
          6       1.00      1.00      1.00        54
          7       0.92      0.92      0.92       149
          8       0.99      1.00      0.99       241
          9       0.99      0.99      0.99       166
         10       0.92      0.94      0.93        95
         11       1.00      1.00      1.00        20
         12       1.00      1.00      1.00        11
         13       1.00      1.00      1.00        11
         14       1.00      1.00      1.00        27

avg / total       0.98      0.98      0.98      1909
