             precision    recall  f1-score   support

          1       0.91      0.99      0.95        89
          2       0.95      0.89      0.92        44
          3       0.94      0.94      0.94        18
          4       1.00      0.91      0.95        11
          5       1.00      0.95      0.98        43
          6       0.85      0.85      0.85        13
          7       0.92      0.94      0.93        69
          8       0.89      0.62      0.73        13
          9       0.73      0.73      0.73        11

avg / total       0.92      0.92      0.92       311
