             precision    recall  f1-score   support

          1       0.87      0.99      0.93       101
          2       1.00      0.99      0.99        88
          3       0.84      0.98      0.90       106
          4       0.00      0.00      0.00        20
          5       0.50      0.07      0.12        14
          6       0.53      0.26      0.35        35
          7       0.69      0.88      0.78        67
          8       1.00      1.00      1.00        14
          9       1.00      0.92      0.96        12

avg / total       0.79      0.84      0.81       457
