             precision    recall  f1-score   support

          1       0.60      0.53      0.57        49
          2       0.94      0.97      0.96       155
          3       0.84      0.89      0.86        61
          4       0.87      0.87      0.87        54
          5       0.71      0.72      0.71       100
          6       0.68      0.74      0.71       143
          7       0.76      0.72      0.74        75
          8       0.62      0.54      0.58        39
          9       0.83      0.68      0.75        22
         10       0.61      0.68      0.64        92
         11       0.73      0.65      0.69        83
         12       0.71      0.65      0.68        34
         13       0.62      0.62      0.62        45
         14       0.81      0.88      0.84        57
         15       0.76      0.70      0.73        60
         16       0.90      0.90      0.90        20
         17       0.71      0.45      0.56        11

avg / total       0.75      0.75      0.75      1100
