             precision    recall  f1-score   support

          1       0.64      0.59      0.62        49
          2       0.96      0.98      0.97       155
          3       0.83      0.80      0.82        61
          4       0.84      0.98      0.91        54
          5       0.58      0.65      0.61        99
          6       0.60      0.70      0.65       142
          7       0.79      0.71      0.75        75
          8       0.65      0.51      0.57        39
          9       0.64      0.41      0.50        22
         10       0.61      0.62      0.61        92
         11       0.52      0.41      0.46        83
         12       0.63      0.56      0.59        34
         13       0.69      0.78      0.73        45
         14       0.85      0.93      0.89        57
         15       0.60      0.58      0.59        59
         16       0.82      0.70      0.76        20
         17       0.80      0.36      0.50        11

avg / total       0.71      0.71      0.71      1097
