             precision    recall  f1-score   support

          1       0.84      0.89      0.86       197
          2       0.65      0.56      0.60        27
          3       0.95      0.96      0.95       309
          4       0.87      0.90      0.89        94
          5       0.82      0.95      0.88        58
          6       0.90      0.96      0.93       166
          7       0.88      0.83      0.85       195
          8       0.68      0.64      0.66        75
          9       0.81      0.76      0.79        55
         10       1.00      0.82      0.90        11
         11       0.83      0.77      0.80        13
         12       0.94      0.62      0.74        47

avg / total       0.87      0.87      0.87      1247
