             precision    recall  f1-score   support

          1       0.93      0.97      0.95        88
          2       0.83      1.00      0.91        44
          3       0.95      1.00      0.97        18
          4       1.00      1.00      1.00        10
          5       1.00      0.98      0.99        42
          6       1.00      0.92      0.96        12
          7       0.94      0.93      0.93        68
          8       0.90      0.69      0.78        13
          9       0.75      0.27      0.40        11

avg / total       0.93      0.93      0.92       306
