             precision    recall  f1-score   support

          1       0.89      0.80      0.84        20
          2       0.78      0.68      0.72        31
          3       0.93      1.00      0.96        27
          4       0.60      0.50      0.55        12
          5       0.55      0.64      0.59        44
          6       0.93      1.00      0.97        14
          7       0.71      0.67      0.69        30
          8       0.65      0.74      0.70        43
          9       1.00      0.64      0.78        14
         10       0.90      0.86      0.88        21

avg / total       0.76      0.75      0.75       256
