             precision    recall  f1-score   support

          1       0.87      0.96      0.91       101
          2       0.99      0.98      0.98        88
          3       0.82      0.99      0.90       106
          4       0.00      0.00      0.00        20
          5       0.00      0.00      0.00        14
          6       0.35      0.26      0.30        35
          7       0.68      0.75      0.71        67
          8       0.93      1.00      0.96        13
          9       1.00      1.00      1.00        12

avg / total       0.75      0.82      0.78       456
