             precision    recall  f1-score   support

          1       0.94      0.96      0.95       371
          2       0.96      0.97      0.97       949
          3       0.87      0.88      0.87        82
          4       0.89      0.84      0.86       350
          5       0.88      0.95      0.91       112
          6       0.88      0.94      0.91       310
          7       0.93      0.88      0.90       628
          8       0.94      0.96      0.95       114
          9       0.95      0.92      0.94       113
         10       0.93      0.97      0.95       229
         11       0.91      0.88      0.89       522
         12       0.90      0.93      0.91       332
         13       0.93      0.96      0.95       191
         14       0.95      0.96      0.96       207
         15       0.88      0.92      0.90       544
         16       0.94      0.74      0.83        39
         17       0.81      0.61      0.70        49
         18       0.87      0.83      0.85        48
         19       0.96      0.96      0.96       349
         20       0.93      0.86      0.90       161
         21       0.96      0.87      0.91        54
         22       0.86      0.85      0.85        65
         23       0.97      0.95      0.96        73
         24       0.97      0.95      0.96       152
         25       0.98      0.98      0.98        58
         26       0.82      0.83      0.83        89
         27       0.84      0.93      0.88        57
         28       0.94      0.97      0.95       147

avg / total       0.92      0.92      0.92      6395
