             precision    recall  f1-score   support

          1       0.99      1.00      1.00      1801
          2       0.98      0.99      0.99      2369
          3       0.99      1.00      1.00      1192
          4       0.99      0.98      0.99      1284
          5       0.99      0.98      0.99       551
          6       0.98      0.98      0.98      1039
          7       0.88      0.77      0.82       172
          8       0.91      0.92      0.92        92
          9       0.99      0.98      0.99       179

avg / total       0.99      0.99      0.99      8679
