             precision    recall  f1-score   support

          1       0.96      0.99      0.97       379
          2       0.83      0.85      0.84        52
          3       0.79      0.70      0.75        54
          4       0.93      0.96      0.95       162
          5       0.93      0.94      0.93       222
          6       0.86      0.42      0.56        43
          7       0.86      0.83      0.84        94
          8       0.88      0.87      0.87       100
          9       0.90      0.91      0.91       126
         10       0.97      0.95      0.96       174
         11       0.84      0.86      0.85        56
         12       0.89      0.87      0.88        97
         13       0.91      0.96      0.93       156
         14       0.84      0.80      0.82        80
         15       0.92      0.98      0.95       133
         16       0.89      0.85      0.87       109
         17       0.80      0.85      0.82        82
         18       0.93      0.93      0.93        43
         19       0.81      0.95      0.88        44
         20       0.90      0.86      0.88        65
         21       0.93      0.89      0.91        56

avg / total       0.91      0.91      0.90      2327
