             precision    recall  f1-score   support

          1       0.81      0.78      0.80       150
          2       0.87      0.81      0.84       424
          3       0.97      0.97      0.97       511
          4       0.78      0.80      0.79       275
          5       0.89      0.90      0.89       831
          6       0.92      0.92      0.92       477
          7       0.93      0.95      0.94       660
          8       0.96      0.99      0.97        78
          9       0.94      0.95      0.95       572
         10       0.89      0.93      0.91       837
         11       0.97      0.96      0.97       325
         12       0.90      0.94      0.92       560
         13       0.89      0.89      0.89       904
         14       0.96      0.98      0.97       161
         15       0.93      0.95      0.94       863
         16       0.66      0.75      0.70       502
         17       0.94      0.93      0.93       287
         18       0.94      0.96      0.95       264
         19       1.00      1.00      1.00       793
         20       0.90      0.88      0.89        49
         21       0.81      0.82      0.82       552
         22       0.66      0.73      0.69       242
         23       0.88      0.93      0.90       640
         24       0.77      0.79      0.78       279
         25       0.60      0.51      0.55       415
         26       0.78      0.82      0.80        73
         27       0.76      0.68      0.72        50
         28       0.99      0.97      0.98       313
         29       0.86      0.87      0.87       231
         30       0.84      0.90      0.87       719
         31       0.97      0.99      0.98       172
         32       0.92      0.96      0.94       238
         33       0.90      0.92      0.91       217
         34       0.85      0.75      0.79        59
         35       0.77      0.77      0.77       397
         36       0.91      0.91      0.91       104
         37       0.65      0.60      0.62       146
         38       0.96      0.99      0.97       208
         39       0.95      0.97      0.96       108
         40       0.86      0.78      0.82       221
         41       0.90      0.92      0.91       329
         42       0.95      0.97      0.96       174
         43       0.93      0.96      0.95        74
         44       0.94      0.94      0.94       108
         45       0.83      0.77      0.80        56
         46       0.61      0.60      0.60       121
         47       0.71      0.83      0.76       147
         48       0.60      0.51      0.56       268
         49       0.99      0.97      0.98        87
         50       0.89      0.88      0.89       270
         51       0.76      0.73      0.74        73
         52       0.76      0.62      0.68        66
         53       0.92      0.95      0.93       970
         54       0.91      0.94      0.92       390
         55       0.69      0.42      0.52        43
         56       0.87      0.95      0.91       326
         57       0.39      0.25      0.31        95
         58       0.66      0.41      0.51        75
         59       0.84      0.82      0.83       164
         60       0.92      0.92      0.92       126
         61       0.84      0.95      0.89        40
         62       0.91      0.91      0.91        45
         63       0.48      0.37      0.42       139
         64       0.36      0.10      0.16       100
         65       0.56      0.36      0.44        61
         66       0.90      0.80      0.85        93
         67       0.84      0.78      0.81        67
         68       0.91      0.93      0.92        42
         69       0.83      0.90      0.86       199
         70       0.93      0.98      0.96       316
         71       0.93      0.92      0.92        59
         72       0.78      0.80      0.79       164
         73       0.72      0.86      0.78       276
         74       0.95      0.80      0.86        44
         75       0.92      0.89      0.90       101
         76       0.92      0.97      0.94        61
         77       0.75      0.71      0.73        86
         78       0.96      0.98      0.97       127
         79       0.98      0.99      0.98       147
         80       0.74      0.54      0.63        90
         81       0.90      0.91      0.90       113
         82       0.40      0.30      0.34       115
         83       0.82      0.82      0.82        60
         84       0.95      0.88      0.91        40
         85       0.71      0.69      0.70        42
         86       0.22      0.05      0.08        40
         87       0.97      0.97      0.97        76
         88       0.98      0.98      0.98       105
         89       1.00      0.96      0.98        46
         90       0.87      0.79      0.83        58
         91       0.79      0.76      0.77        94
         92       0.89      0.74      0.81        46
         93       0.90      0.88      0.89        40
         94       0.93      0.90      0.92        62
         95       0.86      0.86      0.86        58
         96       0.87      0.83      0.85        48

avg / total       0.86      0.87      0.86     22169
