             precision    recall  f1-score   support

          1       0.41      0.32      0.36       456
          2       0.22      0.14      0.17       206
          3       0.43      0.36      0.39       143
          4       0.42      0.67      0.52      3426
          5       0.37      0.43      0.40       734
          6       0.62      0.49      0.55       166
          7       0.26      0.20      0.23       552
          8       0.54      0.52      0.53       130
          9       0.43      0.06      0.10        53
         10       0.47      0.35      0.40       157
         11       0.43      0.37      0.40       249
         12       0.72      0.79      0.76       209
         13       0.39      0.35      0.37       461
         14       0.77      0.70      0.73       113
         15       0.35      0.29      0.32       255
         16       0.75      0.81      0.78       397
         17       0.50      0.38      0.44       146
         18       0.52      0.46      0.49       198
         19       0.22      0.14      0.17       469
         20       0.42      0.30      0.35        83
         21       0.35      0.30      0.32       339
         22       0.50      0.44      0.47       264
         23       0.52      0.51      0.51       326
         24       0.42      0.42      0.42       323
         25       0.53      0.24      0.33        76
         26       0.60      0.68      0.64       369
         27       0.54      0.53      0.53       281
         28       0.42      0.48      0.45       153
         29       0.42      0.32      0.36       126
         30       0.54      0.33      0.41        40
         31       0.47      0.47      0.47       350
         32       0.65      0.68      0.67       211
         33       0.72      0.60      0.66       105
         34       0.28      0.16      0.20       263
         35       0.47      0.27      0.34        56
         36       0.32      0.18      0.23        83
         37       0.67      0.56      0.61       153
         38       0.64      0.41      0.50       117
         39       0.06      0.03      0.04        74
         40       0.38      0.26      0.31        54
         41       0.22      0.03      0.06        59
         42       0.37      0.14      0.20        71
         43       0.53      0.47      0.49        43
         44       0.36      0.08      0.13        50
         45       0.32      0.29      0.30       266
         46       0.15      0.04      0.07        92
         47       0.21      0.10      0.13        92
         48       0.24      0.17      0.20       153
         49       0.41      0.15      0.22        46
         50       0.25      0.15      0.19        39
         51       0.31      0.10      0.15        51
         52       0.50      0.30      0.38        46
         53       0.33      0.32      0.32        38
         54       0.29      0.08      0.12        50
         55       0.37      0.19      0.25       116
         56       0.28      0.09      0.13        58
         57       0.71      0.68      0.69        78
         58       0.06      0.03      0.04        70
         59       0.25      0.07      0.11        57
         60       0.42      0.12      0.19        67
         61       0.39      0.26      0.31        54
         62       0.42      0.28      0.33        90
         63       0.56      0.57      0.56        69
         64       0.29      0.10      0.15        59
         65       0.28      0.14      0.19       160
         66       0.88      0.84      0.86        45
         67       0.44      0.28      0.34       111
         68       0.31      0.50      0.38        40
         69       0.24      0.12      0.16        60
         70       0.69      0.68      0.69        53
         71       0.50      0.11      0.18        47

avg / total       0.43      0.44      0.42     14696
