             precision    recall  f1-score   support

          1       0.53      0.46      0.49        37
          2       0.36      0.27      0.31        63
          3       0.53      0.61      0.57        77
          4       0.47      0.51      0.49        72
          5       0.14      0.12      0.13        64
          6       0.31      0.19      0.24        73
          7       0.35      0.35      0.35        40
          8       0.24      0.21      0.22        48
          9       0.42      0.36      0.39        50
         10       0.24      0.27      0.25        52
         11       0.43      0.51      0.47       120
         12       0.24      0.36      0.29        55
         13       0.22      0.20      0.21        54
         14       0.40      0.56      0.47        55
         15       0.32      0.30      0.31       149
         16       0.26      0.18      0.21        55
         17       0.14      0.11      0.12        47
         18       0.43      0.54      0.48        61

avg / total       0.34      0.35      0.34      1172
