             precision    recall  f1-score   support

          1       0.95      0.98      0.97      3176
          2       0.89      0.91      0.90       406
          3       0.94      0.97      0.96       682
          4       0.84      0.94      0.89      5584
          5       0.91      0.86      0.89       505
          6       0.82      0.78      0.80       268
          7       0.88      0.90      0.89      1151
          8       0.88      0.79      0.83       155
          9       0.91      0.92      0.91       930
         10       0.73      0.60      0.66       505
         11       0.80      0.75      0.77       810
         12       0.89      0.91      0.90       411
         13       0.95      0.95      0.95      1733
         14       0.84      0.81      0.82       529
         15       0.91      0.88      0.89       233
         16       0.85      0.89      0.87      1583
         17       0.89      0.83      0.86       208
         18       0.96      0.96      0.96       606
         19       0.75      0.93      0.83       343
         20       0.90      0.89      0.89       195
         21       0.75      0.80      0.78       362
         22       0.99      0.98      0.98      2351
         23       0.91      0.96      0.93       357
         24       0.94      0.98      0.96      1318
         25       0.89      0.93      0.91      2057
         26       0.70      0.48      0.57      1316
         27       0.83      0.69      0.76       343
         28       0.94      0.95      0.95       426
         29       0.85      0.91      0.88       399
         30       0.92      0.95      0.93       241
         31       0.89      0.91      0.90       550
         32       0.87      0.79      0.83       243
         33       0.89      0.85      0.87        89
         34       0.92      0.94      0.93       351
         35       0.85      0.88      0.86       279
         36       0.78      0.77      0.78       579
         37       0.95      0.99      0.96       681
         38       0.84      0.74      0.78        84
         39       0.83      0.87      0.85       441
         40       0.89      0.91      0.90       149
         41       0.94      0.98      0.96       604
         42       0.96      0.99      0.97       694
         43       0.81      0.79      0.80       163
         44       0.96      0.96      0.96       480
         45       0.88      0.70      0.78       182
         46       0.82      0.79      0.81       185
         47       0.76      0.86      0.80       270
         48       0.94      0.97      0.96       122
         49       0.88      0.91      0.89       180
         50       0.85      0.82      0.84       120
         51       0.81      0.85      0.83       334
         52       0.72      0.56      0.63        90
         53       0.96      0.94      0.95       108
         54       0.89      0.92      0.91       502
         55       0.84      0.70      0.76        66
         56       0.89      0.77      0.82       165
         57       0.93      0.75      0.83        56
         58       0.76      0.80      0.78       387
         59       0.83      0.87      0.85       237
         60       0.94      0.95      0.94       411
         61       0.64      0.23      0.34        39
         62       0.70      0.76      0.73        55
         63       0.92      0.94      0.93       352
         64       0.93      0.97      0.95       656
         65       0.83      0.84      0.83       144
         66       0.95      0.97      0.96       323
         67       0.92      0.98      0.95       431
         68       0.74      0.78      0.76       152
         69       0.55      0.19      0.28       229
         70       0.86      0.82      0.84       417
         71       0.86      0.93      0.90       350
         72       0.93      0.92      0.93       401
         73       0.86      0.82      0.84       568
         74       0.93      0.85      0.89       142
         75       0.88      0.89      0.88       223
         76       0.87      0.85      0.86       105
         77       0.88      0.93      0.91       409
         78       0.96      0.98      0.97       294
         79       0.96      0.98      0.97       269
         80       0.92      0.96      0.94       137
         81       0.75      0.58      0.66        77
         82       0.73      0.76      0.74       116
         83       0.92      0.87      0.90       217
         84       0.87      0.91      0.89       214
         85       0.93      0.95      0.94       374
         86       0.96      0.98      0.97      1009
         87       0.47      0.23      0.31        39
         88       0.72      0.74      0.73       160
         89       0.88      0.82      0.85       392
         90       0.82      0.91      0.86        76
         91       0.88      0.88      0.88        64
         92       0.79      0.86      0.82        43
         93       0.85      0.92      0.88       148
         94       0.82      0.85      0.84       223
         95       0.90      0.88      0.89       216
         96       0.92      0.96      0.94       256
         97       0.82      0.91      0.86       201
         98       0.97      0.86      0.91        43
         99       0.88      0.94      0.91       125
        100       0.87      0.89      0.88       340
        101       0.80      0.80      0.80       211
        102       0.85      0.87      0.86       175
        103       0.92      0.92      0.92       450
        104       0.91      0.79      0.85        63
        105       0.80      0.74      0.77       191
        106       0.80      0.90      0.85        40
        107       0.89      0.80      0.85        92
        108       0.78      0.77      0.78        61
        109       0.87      0.85      0.86        46
        110       0.72      0.66      0.69        86
        111       0.96      0.95      0.96       171
        112       0.97      1.00      0.99        75
        113       0.81      0.97      0.88       119
        114       0.87      0.80      0.83       149
        115       0.91      0.94      0.93       737
        116       0.59      0.25      0.35       205
        117       0.46      0.13      0.21        89
        118       0.92      0.95      0.93       154
        119       0.93      0.93      0.93        70
        120       0.88      0.89      0.88        71
        121       0.64      0.35      0.45       153
        122       0.77      0.82      0.79        88
        123       0.95      0.97      0.96       211
        124       0.91      0.88      0.89       150
        125       0.85      0.77      0.81        74
        126       0.89      0.92      0.90        59
        127       0.70      0.59      0.64        71
        128       0.89      0.93      0.91       132
        129       0.82      0.93      0.87        59
        130       0.83      0.75      0.79       105
        131       0.96      0.82      0.89        57
        132       0.96      0.98      0.97       174
        133       0.96      0.95      0.95       170
        134       0.84      0.68      0.75        77
        135       0.88      0.97      0.92        37
        136       0.86      0.76      0.81        41
        137       0.93      0.65      0.76        60
        138       0.77      0.59      0.67        56
        139       0.86      0.77      0.81        73
        140       0.68      0.37      0.48        46
        141       0.87      0.71      0.78        85
        142       0.88      0.76      0.82       199
        143       0.83      0.73      0.78       183
        144       0.85      0.89      0.87        71
        145       0.85      0.86      0.86        73
        146       0.75      0.29      0.41        42
        147       0.87      0.83      0.85        41
        148       0.84      0.75      0.79        76
        149       0.94      0.94      0.94        52
        150       0.86      0.94      0.90        52
        151       0.71      0.66      0.68        59
        152       0.71      0.09      0.16        54

avg / total       0.88      0.88      0.88     54149
