             precision    recall  f1-score   support

          1       0.91      0.90      0.91       554
          2       0.95      0.97      0.96       255
          3       1.00      0.93      0.97        61
          4       0.91      0.96      0.93       147
          5       0.98      0.98      0.98       202
          6       0.88      0.89      0.88        96
          7       0.82      0.86      0.84       224
          8       0.82      0.80      0.81        74
          9       0.87      0.84      0.86       152
         10       0.91      0.95      0.93       115
         11       0.97      0.97      0.97       168
         12       0.99      0.96      0.97        97
         13       0.96      0.99      0.98       232
         14       1.00      0.93      0.96        44
         15       1.00      0.97      0.99       110
         16       0.94      0.95      0.95       198
         17       0.96      0.94      0.95        52
         18       0.94      0.96      0.95        50
         19       0.95      0.93      0.94        68
         20       0.97      0.96      0.97        77
         21       0.95      0.98      0.96        94
         22       0.97      0.88      0.92        40
         23       0.91      0.77      0.83        62

avg / total       0.93      0.93      0.93      3172
