             precision    recall  f1-score   support

          1       0.93      0.96      0.94      1340
          2       0.74      0.73      0.74        78
          3       1.00      0.98      0.99        53
          4       0.91      0.89      0.90       412
          5       0.96      0.96      0.96       211
          6       0.80      0.92      0.86       290
          7       0.81      0.80      0.80       262
          8       0.76      0.90      0.83       224
          9       0.85      0.90      0.87        73
         10       0.83      0.84      0.83       117
         11       0.92      0.88      0.90       329
         12       0.92      0.88      0.90        51
         13       0.88      0.84      0.86       161
         14       0.83      0.85      0.84       416
         15       0.94      0.93      0.94        55
         16       0.94      0.89      0.92       147
         17       0.69      0.78      0.73        59
         18       0.66      0.67      0.66       138
         19       0.92      0.87      0.89       301
         20       0.80      0.88      0.84        58
         21       0.91      0.94      0.93        53
         22       0.88      0.90      0.89        49
         23       0.88      0.87      0.88       252
         24       0.63      0.56      0.59        93
         25       0.91      0.87      0.89       188
         26       0.75      0.87      0.80        52
         27       0.96      1.00      0.98       225
         28       0.87      0.90      0.88        51
         29       0.80      0.85      0.82       135
         30       0.78      0.88      0.83        49
         31       0.85      0.69      0.76        65
         32       0.95      0.94      0.95       302
         33       0.78      0.68      0.72        62
         34       0.68      0.77      0.72        81
         35       0.61      0.50      0.55        54
         36       0.41      0.22      0.29       113
         37       0.47      0.23      0.31        74
         38       1.00      0.96      0.98       198
         39       0.83      0.80      0.81        55
         40       0.65      0.83      0.73        66
         41       0.96      0.92      0.94        97
         42       0.91      0.80      0.85        64
         43       0.67      0.91      0.77        64
         44       0.90      0.87      0.88       121
         45       0.80      0.86      0.83        42

avg / total       0.86      0.87      0.86      7380
