             precision    recall  f1-score   support

          1       0.48      0.41      0.44        37
          2       0.44      0.31      0.37        64
          3       0.48      0.64      0.55        78
          4       0.51      0.45      0.48        73
          5       0.20      0.12      0.15        64
          6       0.22      0.18      0.20        73
          7       0.41      0.23      0.29        40
          8       0.30      0.33      0.31        49
          9       0.35      0.26      0.30        50
         10       0.17      0.21      0.18        53
         11       0.41      0.45      0.43       121
         12       0.15      0.20      0.17        56
         13       0.33      0.25      0.29        55
         14       0.55      0.56      0.56        55
         15       0.33      0.41      0.37       150
         16       0.20      0.14      0.17        56
         17       0.18      0.15      0.16        47
         18       0.39      0.53      0.45        62

avg / total       0.34      0.35      0.34      1183
