             precision    recall  f1-score   support

          1       0.93      0.97      0.95       380
          2       0.77      0.79      0.78        52
          3       0.77      0.76      0.77        54
          4       0.97      0.92      0.94       163
          5       0.93      0.93      0.93       223
          6       0.68      0.44      0.54        43
          7       0.90      0.84      0.87        95
          8       0.86      0.89      0.87       101
          9       0.86      0.90      0.88       126
         10       0.94      0.97      0.96       175
         11       0.83      0.95      0.89        57
         12       0.93      0.96      0.94        97
         13       0.95      0.95      0.95       156
         14       0.82      0.70      0.76        80
         15       0.86      0.90      0.88       133
         16       0.87      0.88      0.87       110
         17       0.87      0.95      0.91        82
         18       1.00      0.88      0.94        43
         19       0.88      0.86      0.87        44
         20       0.87      0.83      0.85        65
         21       0.84      0.75      0.79        56

avg / total       0.90      0.90      0.90      2335
