             precision    recall  f1-score   support

          1       0.43      0.37      0.40       455
          2       0.29      0.18      0.22       205
          3       0.39      0.30      0.34       142
          4       0.43      0.67      0.52      3425
          5       0.35      0.42      0.38       733
          6       0.62      0.51      0.56       166
          7       0.24      0.20      0.22       551
          8       0.56      0.53      0.55       129
          9       0.31      0.08      0.12        52
         10       0.53      0.36      0.43       157
         11       0.34      0.35      0.34       249
         12       0.70      0.73      0.71       208
         13       0.36      0.33      0.35       460
         14       0.74      0.67      0.70       112
         15       0.36      0.31      0.34       254
         16       0.77      0.76      0.76       396
         17       0.52      0.41      0.46       145
         18       0.54      0.46      0.49       197
         19       0.23      0.16      0.19       468
         20       0.40      0.25      0.31        83
         21       0.35      0.31      0.33       338
         22       0.47      0.44      0.45       263
         23       0.60      0.54      0.57       325
         24       0.44      0.41      0.43       322
         25       0.37      0.21      0.27        76
         26       0.62      0.66      0.64       369
         27       0.57      0.50      0.53       280
         28       0.48      0.58      0.52       152
         29       0.33      0.24      0.28       126
         30       0.41      0.35      0.38        40
         31       0.52      0.52      0.52       349
         32       0.63      0.65      0.64       210
         33       0.73      0.74      0.74       104
         34       0.24      0.13      0.16       262
         35       0.43      0.22      0.29        55
         36       0.29      0.14      0.19        83
         37       0.60      0.47      0.52       152
         38       0.63      0.37      0.47       116
         39       0.10      0.05      0.07        73
         40       0.50      0.33      0.40        54
         41       0.12      0.03      0.05        59
         42       0.31      0.14      0.20        70
         43       0.47      0.45      0.46        42
         44       0.33      0.10      0.15        50
         45       0.31      0.27      0.29       265
         46       0.26      0.09      0.13        91
         47       0.25      0.15      0.19        91
         48       0.24      0.16      0.19       152
         49       0.35      0.20      0.25        45
         50       0.41      0.24      0.30        38
         51       0.33      0.06      0.10        50
         52       0.56      0.33      0.42        45
         53       0.43      0.27      0.33        37
         54       0.12      0.04      0.06        49
         55       0.36      0.17      0.23       115
         56       0.33      0.12      0.18        58
         57       0.64      0.53      0.58        77
         58       0.10      0.04      0.06        69
         59       0.28      0.09      0.14        56
         60       0.23      0.08      0.11        66
         61       0.28      0.15      0.20        53
         62       0.31      0.24      0.27        89
         63       0.61      0.49      0.54        68
         64       0.13      0.03      0.05        58
         65       0.25      0.14      0.18       159
         66       0.93      0.89      0.91        44
         67       0.32      0.24      0.27       110
         68       0.36      0.50      0.42        40
         69       0.18      0.12      0.14        59
         70       0.74      0.65      0.69        52
         71       0.31      0.09      0.14        46

avg / total       0.42      0.44      0.42     14639
