             precision    recall  f1-score   support

          1       0.94      0.95      0.94      3599
          2       0.90      0.92      0.91      1843
          3       0.68      0.70      0.69       637
          4       0.84      0.81      0.82       864
          5       0.68      0.81      0.74      1442
          6       0.49      0.32      0.39       174
          7       0.84      0.87      0.85       841
          8       0.95      0.97      0.96      1854
          9       0.88      0.90      0.89       118
         10       0.45      0.29      0.35       409
         11       0.82      0.79      0.80       711
         12       0.79      0.61      0.69       149
         13       0.94      0.92      0.93       541
         14       0.67      0.77      0.72       288
         15       0.83      0.86      0.84       180
         16       0.58      0.43      0.49       225
         17       0.94      0.97      0.95       851
         18       0.61      0.53      0.57        87
         19       0.92      0.95      0.94       153
         20       0.41      0.12      0.18       102
         21       0.69      0.77      0.73       202
         22       0.92      0.94      0.93       325
         23       0.54      0.23      0.33       163
         24       0.97      0.98      0.97       628
         25       0.77      0.78      0.77        98
         26       0.86      0.62      0.72        50
         27       0.68      0.82      0.75        57
         28       0.72      0.90      0.80        48
         29       0.71      0.70      0.71       108
         30       0.81      0.76      0.78       121
         31       0.97      0.97      0.97       227
         32       0.56      0.58      0.57        48
         33       0.70      0.62      0.66        56
         34       0.78      0.79      0.78        48
         35       0.76      0.91      0.83       341
         36       0.97      0.98      0.97       208
         37       0.73      0.85      0.78        47
         38       0.89      0.87      0.88       146
         39       0.49      0.27      0.35        81
         40       0.81      0.54      0.65        46
         41       0.72      0.67      0.69        39
         42       0.65      0.56      0.60        55
         43       0.81      0.48      0.60        46

avg / total       0.84      0.85      0.84     18256
