             precision    recall  f1-score   support

          1       0.96      0.94      0.95       107
          2       0.76      0.78      0.77       186
          3       0.99      0.99      0.99      3180
          4       1.00      0.94      0.97        78
          5       0.91      0.90      0.90       249
          6       0.64      0.69      0.66       323
          7       0.62      0.40      0.48       111
          8       0.73      0.87      0.80       275
          9       0.85      0.95      0.89       364
         10       0.77      0.80      0.79        97
         11       0.69      0.46      0.55       126
         12       0.88      0.87      0.87        68
         13       0.84      0.86      0.85       125
         14       1.00      0.81      0.89        42
         15       0.78      0.83      0.80        47
         16       0.86      0.84      0.85        61
         17       0.84      0.93      0.88       372
         18       0.47      0.39      0.43       221
         19       0.91      0.96      0.94       108
         20       0.76      0.70      0.73        76
         21       0.77      0.86      0.81        93
         22       0.78      0.90      0.84        72
         23       0.75      0.77      0.76        39
         24       0.92      0.90      0.91        49
         25       0.56      0.48      0.51        61
         26       0.72      0.53      0.61       186
         27       0.86      0.68      0.76        80
         28       0.73      0.92      0.81        48
         29       0.89      0.96      0.92        57
         30       0.84      0.84      0.84        44

avg / total       0.88      0.88      0.87      6945
