             precision    recall  f1-score   support

          1       0.77      0.79      0.78       150
          2       0.87      0.81      0.84       424
          3       0.96      0.98      0.97       511
          4       0.83      0.84      0.84       276
          5       0.88      0.89      0.89       831
          6       0.92      0.91      0.92       477
          7       0.92      0.93      0.93       660
          8       0.96      0.96      0.96        78
          9       0.91      0.93      0.92       572
         10       0.88      0.91      0.90       838
         11       0.97      0.97      0.97       325
         12       0.91      0.94      0.92       560
         13       0.87      0.89      0.88       904
         14       1.00      0.96      0.98       161
         15       0.92      0.96      0.94       863
         16       0.65      0.73      0.69       502
         17       0.93      0.91      0.92       287
         18       0.94      0.98      0.96       264
         19       1.00      1.00      1.00       793
         20       0.79      0.84      0.81        49
         21       0.79      0.81      0.80       552
         22       0.65      0.75      0.69       242
         23       0.90      0.92      0.91       640
         24       0.78      0.83      0.80       279
         25       0.63      0.52      0.57       415
         26       0.88      0.77      0.82        73
         27       0.81      0.59      0.68        51
         28       0.97      0.98      0.97       313
         29       0.90      0.91      0.91       231
         30       0.84      0.89      0.87       720
         31       0.99      1.00      0.99       172
         32       0.96      0.99      0.98       239
         33       0.90      0.91      0.90       217
         34       0.75      0.77      0.76        60
         35       0.78      0.77      0.78       398
         36       0.84      0.87      0.85       104
         37       0.68      0.68      0.68       146
         38       0.98      0.97      0.98       208
         39       0.94      0.97      0.95       108
         40       0.83      0.80      0.81       221
         41       0.89      0.91      0.90       329
         42       0.97      0.95      0.96       174
         43       0.99      0.96      0.97        75
         44       0.95      0.95      0.95       109
         45       0.79      0.68      0.73        56
         46       0.69      0.58      0.63       121
         47       0.70      0.76      0.73       147
         48       0.52      0.48      0.50       268
         49       0.97      0.99      0.98        87
         50       0.87      0.83      0.85       271
         51       0.77      0.79      0.78        73
         52       0.74      0.65      0.69        66
         53       0.91      0.95      0.93       970
         54       0.91      0.92      0.91       390
         55       0.50      0.19      0.27        43
         56       0.89      0.91      0.90       326
         57       0.41      0.29      0.34        95
         58       0.61      0.44      0.51        75
         59       0.77      0.78      0.77       165
         60       0.86      0.91      0.89       126
         61       0.86      0.93      0.89        40
         62       0.91      0.87      0.89        45
         63       0.61      0.40      0.48       139
         64       0.34      0.12      0.18       100
         65       0.52      0.23      0.32        61
         66       0.88      0.89      0.88        94
         67       0.77      0.87      0.82        67
         68       0.95      0.90      0.93        42
         69       0.85      0.88      0.87       199
         70       0.96      0.96      0.96       316
         71       0.95      0.88      0.91        59
         72       0.81      0.80      0.81       165
         73       0.72      0.85      0.78       277
         74       0.82      0.75      0.79        44
         75       0.92      0.91      0.92       101
         76       0.89      0.97      0.93        61
         77       0.71      0.77      0.74        86
         78       0.94      0.96      0.95       127
         79       0.95      0.99      0.97       147
         80       0.76      0.57      0.65        90
         81       0.86      0.90      0.88       113
         82       0.46      0.36      0.40       116
         83       0.89      0.85      0.87        60
         84       0.83      0.71      0.76        41
         85       0.65      0.74      0.69        42
         86       0.11      0.03      0.04        40
         87       0.96      1.00      0.98        76
         88       0.94      0.99      0.96       105
         89       0.90      0.93      0.91        46
         90       0.87      0.80      0.83        59
         91       0.78      0.66      0.71        94
         92       0.84      0.89      0.86        46
         93       0.93      0.97      0.95        40
         94       0.95      0.90      0.93        62
         95       0.93      0.93      0.93        58
         96       0.95      0.83      0.89        48

avg / total       0.86      0.86      0.86     22186
