             precision    recall  f1-score   support

          1       0.97      0.97      0.97      1611
          2       0.97      0.98      0.98      4155
          3       0.97      0.91      0.94       369
          4       0.92      0.91      0.92      1504
          5       0.94      0.90      0.92       459
          6       0.94      0.95      0.94      1407
          7       0.93      0.92      0.92      2744
          8       0.97      0.97      0.97       498
          9       0.94      0.96      0.95       503
         10       0.93      0.94      0.94      1009
         11       0.93      0.91      0.92      2281
         12       0.96      0.96      0.96      1464
         13       0.96      0.97      0.97       842
         14       0.98      0.98      0.98       929
         15       0.92      0.94      0.93      2400
         20       0.97      0.97      0.97      1511
         21       0.98      0.96      0.97       693
         26       0.96      0.96      0.96       342
         28       0.99      0.99      0.99       665
         30       0.90      0.92      0.91       395
         35       0.98      0.99      0.98       667

avg / total       0.95      0.95      0.95     26448
