             precision    recall  f1-score   support

          1       0.96      0.95      0.95       632
          2       0.89      0.88      0.89       492
          3       0.99      0.99      0.99      1781
          4       0.96      0.93      0.94       688
          5       0.98      0.98      0.98      8996
          6       0.82      0.70      0.76      1328
          7       0.96      0.96      0.96      1836
          8       0.89      0.89      0.89      1183
         10       0.96      0.99      0.98      1526
         11       1.00      0.99      0.99      1218
         12       0.96      0.95      0.96      8904
         15       0.98      0.97      0.98      4061
         16       0.97      0.97      0.97      1562
         17       0.94      0.96      0.95      1467
         18       0.86      0.93      0.89      2371
         19       0.95      0.93      0.94      3888
         21       0.97      0.95      0.96      1152
         22       0.96      0.97      0.96       351
         23       1.00      1.00      1.00      2870
         25       0.97      0.99      0.98      1764
         26       0.99      1.00      1.00      2126
         27       0.97      0.97      0.97       438
         31       0.82      0.89      0.85       440
         33       0.94      0.96      0.95       350
         36       0.96      0.97      0.97       626
         38       0.96      0.98      0.97       624
         42       0.98      0.99      0.99       486
         45       0.89      0.88      0.88       395
         46       0.90      0.89      0.90       399
         48       0.96      0.94      0.95       427
         50       0.86      0.82      0.84       419
         51       0.97      0.98      0.98       456
         52       0.97      0.97      0.97      1002
         56       0.96      0.97      0.96       356
         60       0.98      0.97      0.97       651
         61       0.94      0.88      0.91       443
         63       0.99      0.99      0.99      2090
         68       0.98      0.97      0.97       625
         70       0.93      0.94      0.93      1208
         76       0.97      0.98      0.98       850
         86       0.96      0.95      0.96       655
         90       1.00      0.99      0.99       414
        105       0.94      0.89      0.91       356
        106       0.90      0.91      0.91       753
        112       0.98      0.95      0.97       545
        123       0.94      0.96      0.95       352

avg / total       0.96      0.96      0.96     65556
