             precision    recall  f1-score   support

          1       0.76      0.64      0.69        58
          2       0.76      0.80      0.78       228
          3       0.88      0.89      0.89       288
          4       0.85      0.86      0.86       644
          5       0.92      0.94      0.93        47
          6       0.75      0.83      0.79       433
          7       0.85      0.87      0.86       224
          8       0.99      0.98      0.99       122
          9       0.97      0.97      0.97        69
         10       0.82      0.72      0.77       108
         11       0.98      0.99      0.99       110
         12       0.96      0.96      0.96       120
         13       0.87      0.71      0.78       174
         14       0.74      0.62      0.67        50
         15       0.83      0.90      0.86       138
         16       0.81      0.86      0.83        50
         17       0.55      0.34      0.42        79
         18       0.91      0.95      0.93       385
         19       0.90      0.90      0.90        42
         20       0.94      0.93      0.94       144
         21       0.92      0.88      0.90       138
         22       0.88      0.88      0.88        51
         23       0.98      0.97      0.98        67
         24       0.72      0.81      0.76        52
         25       0.91      0.87      0.89        45
         26       0.77      0.77      0.77        62
         27       0.68      0.62      0.65        42

avg / total       0.85      0.85      0.85      3970
