             precision    recall  f1-score   support

          1       0.94      0.98      0.96       199
          2       0.92      0.88      0.90       187
          3       0.94      0.99      0.97        85
          4       0.93      0.93      0.93       114
          5       0.79      0.78      0.78        80
          6       0.84      0.85      0.85        48
          7       0.95      0.92      0.93        98
          8       0.88      0.86      0.87        81
          9       0.77      0.84      0.80        51
         10       0.91      0.95      0.93        65
         11       0.97      0.85      0.91        46
         12       0.85      0.87      0.86        45
         13       0.86      0.87      0.86        69
         14       0.83      0.64      0.72        59
         15       0.94      0.97      0.95       123
         16       0.81      0.91      0.86        93
         17       0.85      0.85      0.85        61
         18       0.87      0.84      0.86        99
         19       0.81      0.75      0.78        40
         20       0.95      0.93      0.94        40

avg / total       0.89      0.89      0.89      1683
