             precision    recall  f1-score   support

          1       0.96      0.96      0.96      1612
          2       0.97      0.98      0.97      4156
          3       0.92      0.92      0.92       369
          4       0.93      0.91      0.92      1504
          5       0.94      0.93      0.94       459
          6       0.94      0.97      0.95      1408
          7       0.93      0.90      0.92      2744
          8       0.97      0.98      0.98       498
          9       0.95      0.95      0.95       503
         10       0.94      0.95      0.95      1010
         11       0.93      0.91      0.92      2281
         12       0.95      0.95      0.95      1465
         13       0.95      0.96      0.96       842
         14       0.98      0.97      0.98       929
         15       0.92      0.94      0.93      2400
         20       0.97      0.98      0.97      1511
         21       0.99      0.97      0.98       693
         26       0.98      0.97      0.97       343
         28       0.99      0.98      0.99       665
         30       0.90      0.91      0.90       395
         35       0.98      0.97      0.98       668

avg / total       0.95      0.95      0.95     26455
