             precision    recall  f1-score   support

          1       0.95      0.95      0.95      3598
          2       0.89      0.93      0.91      1842
          3       0.68      0.77      0.72       637
          4       0.83      0.77      0.80       863
          5       0.69      0.85      0.76      1441
          6       0.51      0.32      0.39       173
          7       0.83      0.88      0.85       840
          8       0.96      0.97      0.96      1853
          9       0.91      0.91      0.91       117
         10       0.52      0.31      0.38       408
         11       0.79      0.77      0.78       710
         12       0.76      0.74      0.75       149
         13       0.93      0.94      0.94       541
         14       0.66      0.80      0.72       288
         15       0.85      0.85      0.85       179
         16       0.61      0.43      0.50       224
         17       0.96      0.95      0.96       850
         18       0.62      0.58      0.60        86
         19       0.92      0.92      0.92       153
         20       0.41      0.07      0.12       101
         21       0.80      0.69      0.74       201
         22       0.92      0.92      0.92       324
         23       0.53      0.18      0.27       163
         24       0.95      0.98      0.97       627
         25       0.83      0.73      0.78        97
         26       0.79      0.74      0.76        50
         27       0.83      0.93      0.87        56
         28       0.87      0.85      0.86        47
         29       0.78      0.68      0.73       108
         30       0.74      0.72      0.73       120
         31       0.97      0.98      0.98       226
         32       0.57      0.53      0.55        47
         33       0.77      0.61      0.68        56
         34       0.80      0.77      0.78        47
         35       0.76      0.95      0.84       340
         36       0.96      0.98      0.97       207
         37       0.69      0.72      0.70        46
         38       0.90      0.84      0.87       145
         39       0.51      0.29      0.37        80
         40       0.74      0.63      0.68        46
         41       0.76      0.68      0.72        38
         42       0.71      0.50      0.59        54
         43       0.78      0.61      0.68        46

avg / total       0.85      0.85      0.85     18224
