             precision    recall  f1-score   support

          1       0.81      0.67      0.74        58
          2       0.82      0.79      0.80       228
          3       0.88      0.92      0.90       288
          4       0.84      0.88      0.86       645
          5       0.89      0.89      0.89        47
          6       0.78      0.86      0.82       433
          7       0.92      0.90      0.91       225
          8       0.95      0.98      0.97       123
          9       1.00      1.00      1.00        70
         10       0.79      0.77      0.78       108
         11       0.97      1.00      0.99       111
         12       0.97      0.94      0.96       121
         13       0.78      0.78      0.78       174
         14       0.74      0.61      0.67        51
         15       0.88      0.88      0.88       138
         16       0.80      0.82      0.81        50
         17       0.64      0.42      0.51        80
         18       0.93      0.93      0.93       386
         19       1.00      0.83      0.91        42
         20       0.89      0.90      0.90       145
         21       0.96      0.91      0.93       139
         22       0.96      0.96      0.96        52
         23       0.97      0.85      0.90        67
         24       0.78      0.75      0.76        52
         25       0.87      0.85      0.86        46
         26       0.82      0.85      0.83        62
         27       0.75      0.57      0.65        42

avg / total       0.86      0.86      0.86      3983
