             precision    recall  f1-score   support

          1       0.92      0.97      0.94        88
          2       0.97      0.95      0.96        39
          3       0.93      0.90      0.92        72
          4       0.92      0.98      0.95        47
          5       0.95      0.98      0.96        42
          6       1.00      0.96      0.98        51
          7       0.97      0.96      0.96        68
          8       0.93      0.93      0.93        45
          9       0.94      0.84      0.89        37
         10       0.87      0.86      0.86        63
         11       0.94      0.95      0.94        92
         12       0.87      0.87      0.87        67
         13       1.00      1.00      1.00        40
         14       1.00      0.98      0.99        44
         15       0.88      0.93      0.90        45

avg / total       0.94      0.93      0.93       840
