             precision    recall  f1-score   support

          1       0.96      0.97      0.97      1332
          2       0.81      0.78      0.79       117
          3       0.80      0.74      0.77       132
          4       0.94      0.93      0.94      1280
          5       0.93      0.95      0.94       620
          6       0.94      0.93      0.94       919
          7       0.89      0.82      0.85        68
          8       0.88      0.91      0.89      1221
          9       0.92      0.92      0.92       479
         10       0.76      0.65      0.70       383
         11       0.86      0.91      0.89      1867
         12       0.83      0.90      0.86       781
         13       0.91      0.97      0.94      1191
         14       0.95      0.94      0.95       788
         15       0.97      0.95      0.96       913
         16       0.99      0.97      0.98        90
         17       0.77      0.79      0.78       159
         18       0.87      0.90      0.88       352
         19       0.93      0.90      0.91       296
         20       0.86      0.73      0.79        41
         21       0.88      0.91      0.89       161
         22       0.91      0.94      0.93       271
         23       0.98      0.87      0.92        62
         24       0.97      0.96      0.96       196
         25       0.79      0.90      0.84        62
         26       0.66      0.56      0.61       183
         27       0.76      0.73      0.74        77
         28       0.94      0.92      0.93       111
         29       0.87      0.86      0.87       756
         30       0.61      0.59      0.60       177
         31       0.89      0.68      0.77       165
         32       0.94      0.94      0.94       116
         33       0.96      0.93      0.94        99
         34       0.56      0.43      0.49        92
         35       0.84      0.92      0.88       989
         36       0.94      0.89      0.91       132
         37       0.88      0.89      0.89       242
         38       0.80      0.80      0.80       124
         39       0.66      0.59      0.62        70
         40       0.58      0.49      0.53        75
         41       0.96      0.97      0.96       183
         42       0.95      0.96      0.96       129
         43       0.81      0.90      0.85       224
         44       0.96      0.93      0.95        87
         45       0.75      0.73      0.74       171
         46       0.91      0.94      0.92       155
         47       0.86      0.74      0.80       121
         48       0.84      0.67      0.74        84
         49       0.85      0.88      0.87       373
         50       0.80      0.26      0.39        47
         51       0.98      1.00      0.99        99
         52       0.93      0.93      0.93        61
         53       0.77      0.87      0.82        54
         54       0.91      0.92      0.92       260
         55       0.89      0.74      0.81        54
         56       0.86      0.90      0.88       156
         57       0.77      0.82      0.80        78
         58       0.84      0.83      0.83        64
         59       0.90      0.92      0.91       145
         60       0.90      0.92      0.91       599
         61       0.92      0.95      0.93       162
         62       0.92      0.87      0.89        83
         63       0.85      0.94      0.89        66
         64       0.91      0.83      0.87        95
         65       0.77      0.72      0.75       138
         66       0.89      0.86      0.88       194
         67       0.88      0.79      0.83        56
         68       0.91      0.71      0.80        99
         69       0.78      0.54      0.64        90
         70       0.84      0.45      0.59       117
         71       0.77      0.77      0.77        56
         72       0.89      0.91      0.90        45
         73       0.74      0.70      0.72        50
         74       0.66      0.52      0.58       112
         75       0.86      0.83      0.85        66
         76       0.70      0.75      0.73       114
         77       0.75      0.68      0.71        40
         78       0.91      0.90      0.91        83
         79       0.62      0.76      0.68        50
         80       0.66      0.56      0.61        41
         81       0.69      0.71      0.70        52
         82       0.88      0.95      0.92        40
         83       0.85      0.89      0.87        89

avg / total       0.88      0.88      0.88     22271
