             precision    recall  f1-score   support

          1       0.92      0.98      0.95       200
          2       0.88      0.90      0.89       187
          3       0.92      0.96      0.94        85
          4       0.92      0.96      0.94       114
          5       0.89      0.72      0.80        80
          6       0.88      0.79      0.84        48
          7       0.93      0.89      0.91        98
          8       0.89      0.84      0.87        81
          9       0.83      0.98      0.90        51
         10       0.94      0.95      0.95        66
         11       0.93      0.89      0.91        46
         12       0.87      0.89      0.88        46
         13       0.95      0.87      0.91        69
         14       0.88      0.76      0.82        59
         15       0.90      0.97      0.93       123
         16       0.78      0.87      0.82        93
         17       0.90      0.92      0.91        61
         18       0.89      0.86      0.87        99
         19       0.75      0.66      0.70        41
         20       0.91      0.78      0.84        40

avg / total       0.89      0.89      0.89      1687
