             precision    recall  f1-score   support

          1       0.94      0.87      0.90       149
          2       0.90      0.83      0.86       109
          3       0.97      0.99      0.98       396
          4       0.92      0.90      0.91       151
          5       0.97      0.98      0.98      2030
          6       0.73      0.64      0.68       300
          7       0.94      0.95      0.94       408
          8       0.85      0.84      0.84       274
          9       0.79      0.68      0.73        56
         10       0.95      0.97      0.96       339
         11       0.99      0.98      0.99       266
         12       0.94      0.92      0.93      2002
         13       0.97      0.98      0.98       924
         14       0.93      0.97      0.95       351
         15       0.90      0.92      0.91       329
         16       0.83      0.92      0.88       553
         17       0.93      0.92      0.93       871
         18       0.79      0.74      0.76        72
         19       0.95      0.95      0.95       252
         20       0.89      0.90      0.89        78
         21       0.99      1.00      0.99       644
         22       0.90      0.90      0.90        39
         23       0.97      0.99      0.98       403
         24       0.99      1.00      0.99       474
         25       0.96      0.91      0.93        93
         26       0.93      0.97      0.95        68
         27       0.67      0.80      0.73       100
         28       0.89      0.95      0.92        83
         29       0.76      0.88      0.82        51
         30       0.93      0.93      0.93       147
         31       0.84      0.84      0.84        62
         32       0.97      0.96      0.97       144
         33       0.91      0.80      0.85        64
         34       0.97      1.00      0.98       115
         35       0.96      0.89      0.92        62
         36       0.81      0.76      0.78        88
         37       0.85      0.91      0.88        93
         38       0.85      0.93      0.89        96
         39       0.76      0.68      0.72        98
         40       0.96      1.00      0.98       109
         41       0.97      0.97      0.97       241
         42       0.95      0.95      0.95        82
         43       0.96      0.92      0.94       144
         44       0.89      0.82      0.85       100
         45       0.89      0.98      0.93        42
         46       0.98      0.98      0.98       465
         47       0.84      0.98      0.90        42
         48       1.00      1.00      1.00        45
         49       0.92      0.91      0.92       141
         50       0.66      0.72      0.69        40
         51       0.93      0.95      0.94       284
         52       0.76      0.47      0.58        47
         53       0.95      0.98      0.96       196
         54       0.85      0.81      0.83        48
         55       0.65      0.65      0.65        62
         56       0.86      0.96      0.91        50
         57       0.98      1.00      0.99        64
         58       0.97      0.97      0.97        39
         59       0.92      0.94      0.93        62
         60       0.88      0.86      0.87       147
         61       0.83      0.87      0.85        55
         62       0.90      0.88      0.89        41
         63       1.00      0.97      0.98        99
         64       0.82      0.77      0.80        43
         65       0.75      0.72      0.73        71
         66       0.83      0.92      0.88        53
         67       0.88      0.70      0.78        40
         68       0.95      0.98      0.96        42
         69       0.97      0.91      0.94        82
         70       0.88      0.85      0.86       172
         71       0.88      0.88      0.88        40
         72       0.95      0.91      0.93        45
         73       0.98      0.97      0.98       125
         74       1.00      0.93      0.96        42
         75       0.83      0.84      0.84        77
         76       0.90      0.84      0.87        43
         77       0.93      0.93      0.93        54
         78       0.96      0.91      0.93        54
         79       0.88      0.84      0.86        43
         80       0.96      0.94      0.95        68
         81       0.96      0.91      0.93        55
         82       0.72      0.74      0.73        42
         83       0.96      0.93      0.95        46

avg / total       0.93      0.93      0.93     16716
