             precision    recall  f1-score   support

          1       0.96      0.96      0.96       371
          2       0.95      0.98      0.97       950
          3       0.93      0.89      0.91        83
          4       0.88      0.90      0.89       350
          5       0.94      0.89      0.91       113
          6       0.89      0.92      0.90       311
          7       0.91      0.88      0.90       629
          8       0.94      0.96      0.95       115
          9       0.89      0.91      0.90       113
         10       0.92      0.94      0.93       230
         11       0.92      0.91      0.91       523
         12       0.95      0.95      0.95       333
         13       0.91      0.96      0.94       192
         14       0.95      0.97      0.96       208
         15       0.92      0.93      0.92       545
         16       1.00      0.82      0.90        39
         17       0.74      0.50      0.60        50
         18       0.83      0.73      0.78        48
         19       0.95      0.96      0.96       350
         20       0.90      0.92      0.91       162
         21       0.94      0.89      0.91        54
         22       0.79      0.83      0.81        66
         23       0.99      0.97      0.98        74
         24       0.99      0.99      0.99       153
         25       0.98      0.95      0.97        59
         26       0.88      0.85      0.87        89
         27       0.96      0.86      0.91        58
         28       0.99      0.99      0.99       147

avg / total       0.93      0.93      0.93      6415
