             precision    recall  f1-score   support

          1       0.50      0.46      0.48        37
          2       0.34      0.38      0.36        64
          3       0.53      0.60      0.56        78
          4       0.34      0.44      0.38        73
          5       0.17      0.11      0.13        64
          6       0.23      0.14      0.17        74
          7       0.33      0.23      0.27        40
          8       0.27      0.20      0.23        49
          9       0.43      0.24      0.31        50
         10       0.22      0.30      0.25        53
         11       0.39      0.51      0.45       121
         12       0.15      0.21      0.18        56
         13       0.23      0.15      0.18        55
         14       0.58      0.51      0.54        55
         15       0.36      0.39      0.37       150
         16       0.20      0.14      0.16        56
         17       0.16      0.13      0.14        47
         18       0.35      0.50      0.41        62

avg / total       0.33      0.34      0.33      1184
