             precision    recall  f1-score   support

          1       1.00      1.00      1.00      1800
          2       0.98      0.99      0.99      2368
          3       1.00      1.00      1.00      1191
          4       0.99      0.99      0.99      1283
          5       1.00      0.99      0.99       551
          6       0.97      0.98      0.98      1038
          7       0.90      0.76      0.82       172
          8       0.93      0.91      0.92        92
          9       0.97      0.99      0.98       179

avg / total       0.99      0.99      0.99      8674
