             precision    recall  f1-score   support

          1       0.92      0.93      0.93       554
          2       0.98      0.99      0.98       255
          3       0.97      1.00      0.98        60
          4       0.91      0.95      0.93       146
          5       0.99      0.99      0.99       201
          6       0.94      0.81      0.87        96
          7       0.86      0.89      0.88       223
          8       0.88      0.86      0.87        73
          9       0.88      0.86      0.87       151
         10       0.97      0.98      0.97       115
         11       0.98      0.99      0.98       168
         12       0.98      0.95      0.96        96
         13       0.97      0.98      0.98       231
         14       1.00      1.00      1.00        43
         15       1.00      0.97      0.99       110
         16       0.94      0.94      0.94       198
         17       0.94      1.00      0.97        51
         18       0.98      0.96      0.97        50
         19       0.95      0.93      0.94        67
         20       0.99      1.00      0.99        76
         21       0.99      0.97      0.98        94
         22       0.93      0.97      0.95        39
         23       0.91      0.82      0.86        61

avg / total       0.94      0.94      0.94      3158
