             precision    recall  f1-score   support

          1       0.99      0.99      0.99      1801
          2       0.99      0.99      0.99      2369
          3       0.99      1.00      1.00      1192
          4       0.99      0.99      0.99      1283
          5       0.99      0.99      0.99       551
          6       0.97      0.99      0.98      1039
          7       0.89      0.73      0.80       172
          8       0.89      0.99      0.94        92
          9       0.98      0.97      0.97       179

avg / total       0.98      0.99      0.98      8678
