             precision    recall  f1-score   support

          1       0.97      0.94      0.96       749
          2       0.98      0.96      0.97        49
          3       0.96      0.90      0.93       180
          4       0.96      0.98      0.97      1580
          5       0.97      0.96      0.97       688
          6       0.96      0.98      0.97       220
          7       0.97      0.99      0.98       272
          8       0.98      0.99      0.98       189
          9       0.97      0.93      0.95       165
         10       0.97      0.96      0.96       120
         11       0.97      1.00      0.98        57
         12       0.98      0.95      0.97        65
         13       0.81      0.80      0.81        60
         14       0.87      0.85      0.86        46
         15       1.00      0.89      0.94        19

avg / total       0.96      0.96      0.96      4459
