             precision    recall  f1-score   support

          1       0.97      0.97      0.97       266
          2       0.96      0.87      0.92        31
          3       0.96      0.99      0.97      1069
          4       0.96      0.88      0.92       169
          5       0.96      0.89      0.92       199
          7       0.96      0.96      0.96        46
          8       0.95      0.95      0.95        21
          9       0.92      0.85      0.88        13

avg / total       0.96      0.96      0.96      1814
