             precision    recall  f1-score   support

          1       0.97      0.98      0.97       266
          2       0.96      0.81      0.88        31
          3       0.96      0.98      0.97      1070
          4       0.94      0.88      0.91       169
          5       0.90      0.86      0.88       199
          7       0.93      0.93      0.93        46
          8       0.91      0.95      0.93        21
          9       1.00      0.92      0.96        13

avg / total       0.95      0.95      0.95      1815
