             precision    recall  f1-score   support

          1       0.98      0.96      0.97       749
          2       0.98      0.92      0.95        49
          3       0.91      0.94      0.93       180
          4       0.95      0.99      0.97      1580
          5       0.98      0.94      0.96       688
          6       0.98      0.97      0.98       220
          7       0.97      0.98      0.97       272
          8       0.99      0.96      0.98       189
          9       0.95      0.95      0.95       165
         10       0.94      0.98      0.96       120
         11       1.00      0.98      0.99        57
         12       0.98      0.91      0.94        65
         13       0.92      0.78      0.85        60
         14       0.93      0.80      0.86        46
         15       0.90      1.00      0.95        19

avg / total       0.96      0.96      0.96      4459
