             precision    recall  f1-score   support

          1       0.84      0.90      0.87      1539
          2       0.96      0.94      0.95      1528
          3       0.90      0.79      0.84       525
          4       0.80      0.70      0.75       348
          5       0.98      0.86      0.92        51
          6       0.78      0.85      0.81       619
          7       0.80      0.76      0.78       221
          8       0.87      0.87      0.87        46
          9       0.88      0.73      0.80       142
         10       0.91      0.88      0.90        73

avg / total       0.87      0.87      0.87      5092
