             precision    recall  f1-score   support

          1       0.96      0.99      0.98       265
          2       0.96      0.80      0.87        30
          3       0.96      0.97      0.97      1069
          4       0.93      0.93      0.93       168
          5       0.91      0.87      0.89       198
          7       0.95      0.89      0.92        45
          8       0.95      1.00      0.98        21
          9       0.80      1.00      0.89        12

avg / total       0.95      0.95      0.95      1808
