             precision    recall  f1-score   support

          1       0.85      0.92      0.88      1538
          2       0.95      0.95      0.95      1528
          3       0.92      0.81      0.86       525
          4       0.82      0.72      0.77       348
          5       0.96      0.90      0.93        51
          6       0.80      0.84      0.82       619
          7       0.83      0.70      0.76       220
          8       0.80      0.93      0.86        46
          9       0.84      0.70      0.76       142
         10       0.94      0.84      0.88        73

avg / total       0.88      0.88      0.88      5090
