             precision    recall  f1-score   support

          1       0.94      0.93      0.93      3035
          2       0.87      0.95      0.91      1652
          3       0.94      0.94      0.94      1209
          4       0.89      0.90      0.90      1391
          5       0.92      0.92      0.92      3727
          6       0.72      0.38      0.49       208
          7       0.85      0.84      0.84       534
          9       0.97      0.93      0.95       630

avg / total       0.91      0.91      0.91     12386
