             precision    recall  f1-score   support

          1       0.94      0.98      0.96     31731
          2       0.79      0.82      0.81     20798
          3       0.88      0.94      0.91     63521
          4       0.83      0.89      0.86     20569
          5       0.80      0.80      0.80     22063
          6       0.85      0.89      0.87      4299
          7       0.75      0.53      0.62      1826
          8       0.78      0.72      0.75     20325
          9       0.90      0.93      0.91     15528
         10       0.74      0.65      0.70      2961
         11       0.84      0.83      0.83      3586
         12       0.87      0.87      0.87     12478
         13       0.72      0.65      0.68      3513
         14       0.71      0.60      0.65      2880
         15       0.74      0.67      0.70      9568
         16       0.79      0.82      0.80      7591
         17       0.92      0.93      0.92     32353
         18       0.85      0.73      0.78      1307
         19       0.70      0.56      0.62      3018
         20       0.72      0.63      0.67     10829
         21       0.76      0.67      0.71      5723
         22       0.72      0.61      0.66      6082
         23       0.79      0.85      0.82      9402
         25       0.83      0.82      0.82      9886
         26       0.55      0.07      0.13      1543
         27       0.61      0.32      0.42      1411
         28       0.79      0.86      0.82       945
         30       0.71      0.66      0.69      3195
         31       0.86      0.82      0.84      3225
         33       0.77      0.76      0.77       561

avg / total       0.84      0.84      0.84    332717
