             precision    recall  f1-score   support

          1       0.91      0.93      0.92      5609
          2       0.90      0.92      0.91      6786
          3       0.97      0.97      0.97      7256
          5       0.81      0.84      0.82      4086
          6       0.55      0.48      0.51      1702
          7       0.80      0.91      0.85      2795
          8       0.71      0.57      0.63      1273
          9       0.83      0.66      0.73       396
         10       0.47      0.32      0.38      1088
         11       0.87      0.87      0.87       674

avg / total       0.85      0.86      0.86     31665
