             precision    recall  f1-score   support

          1       0.94      0.93      0.94      5059
          2       0.88      0.93      0.90      2753
          3       0.93      0.94      0.93      2015
          4       0.90      0.91      0.91      2319
          5       0.91      0.92      0.92      6212
          6       0.73      0.39      0.51       347
          7       0.84      0.82      0.83       890
          9       0.94      0.92      0.93      1051

avg / total       0.91      0.91      0.91     20646
