             precision    recall  f1-score   support

          2       0.94      0.86      0.90       517
          3       0.95      0.94      0.94       801
          4       0.95      0.96      0.96       405
          5       0.90      0.92      0.91       712
          6       0.92      0.91      0.91       614
          8       0.82      0.82      0.82       498
         10       0.91      0.93      0.92      1234
         11       0.95      0.94      0.95       685
         13       0.95      0.96      0.96       781
         14       0.93      0.96      0.94       338

avg / total       0.92      0.92      0.92      6585
