             precision    recall  f1-score   support

          2       0.96      0.88      0.92       310
          3       0.95      0.95      0.95       480
          4       0.96      0.94      0.95       243
          5       0.90      0.91      0.90       427
          6       0.90      0.91      0.91       368
          8       0.81      0.85      0.83       299
         10       0.91      0.92      0.92       740
         11       0.95      0.94      0.95       411
         13       0.95      0.96      0.95       468
         14       0.93      0.96      0.94       202

avg / total       0.92      0.92      0.92      3948
