             precision    recall  f1-score   support

          1       0.91      0.93      0.92      2742
          2       0.83      0.85      0.84      2888
          3       0.90      0.91      0.91      4683
          4       0.93      0.90      0.91      2289
          5       0.85      0.84      0.85       720
          6       0.84      0.84      0.84       962
          7       0.88      0.90      0.89      3093
          8       0.97      0.95      0.96      1874
          9       0.87      0.83      0.85      1366

avg / total       0.89      0.89      0.89     20617
