             precision    recall  f1-score   support

          1       0.89      0.85      0.87       550
          2       0.76      0.54      0.63       392
          3       0.91      0.96      0.94      9611
          4       0.75      0.88      0.81      2163
          5       0.63      0.61      0.62      4556
          6       0.58      0.55      0.56      4096
          7       0.58      0.30      0.40      1486
          8       0.66      0.71      0.68      1518
          9       0.68      0.62      0.65       968
         10       0.58      0.76      0.66      1138
         12       0.71      0.67      0.69       432
         13       0.57      0.66      0.61      1431
         14       0.68      0.63      0.65       769
         15       0.63      0.72      0.67       579
         16       0.69      0.32      0.44       721
         17       0.98      0.93      0.95       701

avg / total       0.73      0.74      0.73     31111
