             precision    recall  f1-score   support

          1       0.87      0.83      0.85       459
          2       0.94      0.97      0.95      8426
          3       0.87      0.85      0.86      1126
          5       0.79      0.68      0.73       787
          7       0.86      0.86      0.86       718
          8       0.91      0.89      0.90      1501
          9       0.89      0.88      0.88       542
         10       0.74      0.62      0.68       659
         11       0.81      0.86      0.83      2057
         12       0.84      0.82      0.83       980
         13       0.86      0.75      0.80       438
         14       0.84      0.85      0.84      1381

avg / total       0.89      0.89      0.89     19074
