             precision    recall  f1-score   support

          1       0.92      0.93      0.93      5610
          2       0.89      0.94      0.91      6787
          3       0.97      0.97      0.97      7257
          5       0.81      0.86      0.83      4087
          6       0.55      0.50      0.53      1703
          7       0.80      0.90      0.85      2795
          8       0.72      0.55      0.62      1274
          9       0.82      0.59      0.68       397
         10       0.47      0.30      0.37      1088
         11       0.90      0.85      0.88       675

avg / total       0.86      0.86      0.86     31673
