             precision    recall  f1-score   support

          1       0.89      0.85      0.87       458
          2       0.94      0.97      0.95      8425
          3       0.86      0.85      0.86      1126
          5       0.80      0.65      0.72       786
          7       0.87      0.83      0.85       718
          8       0.90      0.93      0.91      1500
          9       0.93      0.84      0.88       541
         10       0.74      0.65      0.70       659
         11       0.81      0.87      0.84      2056
         12       0.87      0.83      0.85       980
         13       0.83      0.73      0.78       437
         14       0.85      0.83      0.84      1381

avg / total       0.89      0.89      0.89     19067
