             precision    recall  f1-score   support

          1       0.86      0.86      0.86      1147
          2       0.77      0.86      0.81       484
          3       0.86      0.88      0.87      1177
          4       0.90      0.90      0.90      1910
          5       0.92      0.91      0.92      1239
          6       0.91      0.89      0.90      2428
          7       0.83      0.91      0.87      1480
          8       0.46      0.27      0.34       611
          9       0.93      0.97      0.95      4155
         10       0.87      0.91      0.89      1205
         11       0.89      0.87      0.88      1037
         12       0.81      0.67      0.73      1883
         13       0.95      0.93      0.94      1545
         14       0.85      0.94      0.89      4874
         15       0.36      0.12      0.18       540
         17       0.90      0.88      0.89      1457
         19       0.89      0.93      0.91      2606
         21       0.84      0.91      0.87       348
         22       0.85      0.83      0.84       674
         23       0.88      0.82      0.85       575
         25       0.78      0.73      0.75       441
         28       0.91      0.93      0.92       511
         30       0.90      0.97      0.93       489

avg / total       0.86      0.87      0.87     32816
