             precision    recall  f1-score   support

          1       1.00      1.00      1.00      3155
          2       0.99      0.97      0.98       140
          3       0.88      0.89      0.89       143
          4       0.96      0.98      0.97       647
          5       0.93      0.94      0.94       263
          6       0.98      0.99      0.99       180
          7       0.97      0.96      0.96       159
          8       0.86      0.84      0.85       147
          9       0.99      0.95      0.97       141
         10       0.99      0.97      0.98       177

avg / total       0.98      0.98      0.98      5152
