             precision    recall  f1-score   support

          1       0.64      0.66      0.65       632
          2       0.56      0.26      0.36      2719
          3       0.59      0.37      0.46      5729
          4       0.48      0.74      0.58     29041
          5       0.47      0.37      0.41     10903
          6       0.78      0.80      0.79     11649
          7       0.53      0.40      0.46      9133
          8       0.61      0.58      0.60      1349
          9       0.60      0.46      0.52      6707
         10       0.69      0.73      0.71      4275
         11       0.50      0.24      0.32       864
         12       0.55      0.19      0.28      1764
         13       0.59      0.32      0.42      1937
         14       0.62      0.55      0.58      2163
         15       0.50      0.11      0.18      1883
         16       0.56      0.32      0.41      2115
         17       0.53      0.08      0.15       956
         18       0.74      0.82      0.78       333
         19       0.49      0.52      0.50       376
         20       0.62      0.32      0.42       516
         21       0.64      0.31      0.42       745
         22       0.71      0.25      0.37       620

avg / total       0.56      0.55      0.53     96409
