             precision    recall  f1-score   support

          1       0.99      0.99      0.99      1857
          2       0.99      0.99      0.99      2100
          3       0.99      0.99      0.99      4851
          4       0.95      0.95      0.95      3220
          5       0.70      0.70      0.70       466
          6       0.65      0.80      0.72       285
          7       0.49      0.28      0.36       179
          8       1.00      0.99      0.99       232

avg / total       0.95      0.96      0.95     13190
