             precision    recall  f1-score   support

          1       0.99      0.99      0.99      1857
          2       0.99      0.99      0.99      2100
          3       0.99      0.99      0.99      4850
          4       0.94      0.96      0.95      3220
          5       0.71      0.66      0.68       466
          6       0.65      0.77      0.70       284
          7       0.49      0.31      0.38       179
          8       1.00      0.97      0.98       232

avg / total       0.95      0.96      0.95     13188
