             precision    recall  f1-score   support

          1       0.99      0.99      0.99      1857
          2       1.00      0.99      0.99      2100
          3       0.99      0.99      0.99      4851
          4       0.94      0.95      0.95      3220
          5       0.69      0.68      0.69       466
          6       0.65      0.82      0.73       285
          7       0.52      0.25      0.33       179
          8       1.00      0.98      0.99       232

avg / total       0.95      0.95      0.95     13190
