             precision    recall  f1-score   support

          1       0.94      0.93      0.94      3035
          2       0.88      0.92      0.90      1652
          3       0.92      0.94      0.93      1209
          4       0.91      0.91      0.91      1391
          5       0.91      0.92      0.92      3727
          6       0.69      0.40      0.51       208
          7       0.85      0.83      0.84       534
          9       0.94      0.93      0.94       630

avg / total       0.91      0.91      0.91     12386
