             precision    recall  f1-score   support

          1       0.95      0.94      0.94      3035
          2       0.87      0.93      0.90      1652
          3       0.94      0.92      0.93      1209
          4       0.90      0.90      0.90      1391
          5       0.91      0.93      0.92      3727
          6       0.75      0.42      0.54       208
          7       0.87      0.82      0.84       534
          9       0.96      0.92      0.94       630

avg / total       0.91      0.91      0.91     12386
