             precision    recall  f1-score   support

          1       0.83      0.90      0.86       780
          2       0.78      0.77      0.78      1659
          3       0.75      0.70      0.72       431
          4       0.54      0.37      0.44      1228
          5       0.98      0.98      0.98      1972
          6       0.88      0.93      0.90       231
          7       0.62      0.76      0.68      1787
          8       0.88      0.92      0.90       388
          9       0.89      0.88      0.89       235
         10       0.80      0.79      0.79       252
         12       0.87      0.86      0.86       257
         13       0.86      0.89      0.87       967
         14       0.84      0.83      0.83       223
         15       0.92      0.84      0.88       247
         16       0.92      0.91      0.91       331
         18       0.83      0.79      0.81       383
         21       0.90      0.71      0.79       380
         25       0.95      0.97      0.96       238
         26       0.99      0.99      0.99       207

avg / total       0.80      0.80      0.80     12196
