             precision    recall  f1-score   support

          1       0.87      0.88      0.87       688
          2       0.81      0.85      0.83       290
          3       0.89      0.88      0.89       706
          4       0.89      0.91      0.90      1146
          5       0.92      0.90      0.91       744
          6       0.91      0.89      0.90      1457
          7       0.82      0.94      0.88       888
          8       0.46      0.28      0.35       366
          9       0.94      0.97      0.95      2493
         10       0.89      0.93      0.91       723
         11       0.88      0.84      0.86       622
         12       0.79      0.69      0.74      1130
         13       0.95      0.94      0.94       927
         14       0.84      0.93      0.88      2924
         15       0.35      0.09      0.14       324
         17       0.91      0.90      0.90       874
         19       0.90      0.93      0.91      1563
         21       0.86      0.89      0.88       209
         22       0.85      0.83      0.84       404
         23       0.88      0.82      0.85       345
         25       0.78      0.71      0.74       264
         28       0.88      0.93      0.91       307
         30       0.89      0.98      0.93       294

avg / total       0.87      0.87      0.87     19688
