             precision    recall  f1-score   support

          1       0.90      0.88      0.89       688
          2       0.80      0.85      0.82       291
          3       0.89      0.85      0.87       707
          4       0.90      0.92      0.91      1147
          5       0.91      0.90      0.90       744
          6       0.92      0.89      0.91      1457
          7       0.82      0.93      0.87       888
          8       0.44      0.25      0.32       367
          9       0.93      0.97      0.95      2493
         10       0.88      0.95      0.91       723
         11       0.88      0.87      0.87       622
         12       0.83      0.67      0.74      1130
         13       0.94      0.95      0.94       927
         14       0.86      0.93      0.89      2925
         15       0.31      0.09      0.14       324
         17       0.89      0.90      0.89       874
         19       0.90      0.94      0.92      1564
         21       0.84      0.92      0.88       209
         22       0.82      0.87      0.84       405
         23       0.90      0.85      0.87       345
         25       0.79      0.74      0.76       265
         28       0.88      0.93      0.91       307
         30       0.85      0.94      0.90       294

avg / total       0.87      0.88      0.87     19696
