             precision    recall  f1-score   support

          2       0.87      0.90      0.89       310
          3       0.93      0.95      0.94       481
          4       0.97      0.92      0.94       243
          5       0.89      0.91      0.90       427
          6       0.90      0.88      0.89       369
          8       0.79      0.82      0.81       299
         10       0.93      0.91      0.92       741
         11       0.95      0.95      0.95       412
         13       0.97      0.97      0.97       469
         14       0.95      0.94      0.95       203

avg / total       0.92      0.92      0.92      3954
