             precision    recall  f1-score   support

          1       0.83      0.89      0.86       779
          2       0.78      0.77      0.77      1659
          3       0.74      0.68      0.71       430
          4       0.55      0.40      0.47      1228
          5       0.98      0.98      0.98      1972
          6       0.89      0.90      0.90       230
          7       0.61      0.75      0.67      1787
          8       0.87      0.94      0.90       388
          9       0.94      0.79      0.86       235
         10       0.80      0.79      0.79       252
         12       0.86      0.86      0.86       257
         13       0.86      0.87      0.86       967
         14       0.80      0.87      0.83       223
         15       0.92      0.82      0.87       246
         16       0.91      0.92      0.92       330
         18       0.84      0.79      0.81       382
         21       0.88      0.71      0.79       379
         25       0.96      0.95      0.95       238
         26       0.98      0.99      0.98       207

avg / total       0.80      0.80      0.80     12189
