             precision    recall  f1-score   support

          2       0.95      0.91      0.93       310
          3       0.94      0.95      0.95       481
          4       0.97      0.93      0.95       243
          5       0.87      0.94      0.90       427
          6       0.93      0.90      0.92       368
          8       0.87      0.75      0.80       299
         10       0.89      0.94      0.92       741
         11       0.95      0.95      0.95       411
         13       0.97      0.97      0.97       469
         14       0.94      0.95      0.94       203

avg / total       0.93      0.93      0.92      3952
