             precision    recall  f1-score   support

          1       0.48      0.47      0.47      1619
          2       0.62      0.61      0.62       996
          3       0.60      0.66      0.63      3247
          4       0.21      0.07      0.10      4154
          5       0.73      0.93      0.82       838
          6       0.44      0.65      0.52      9061
          7       0.49      0.59      0.53      7943
          8       0.50      0.44      0.46      2371
          9       0.30      0.19      0.23      2147
         10       0.41      0.29      0.34      2372
         11       0.42      0.45      0.43      4053
         12       0.52      0.61      0.56      4423
         14       0.64      0.62      0.63      1034
         15       0.53      0.45      0.48      1010
         16       0.58      0.61      0.59      3024
         17       0.61      0.32      0.42       397
         18       0.66      0.73      0.69      1486
         19       0.44      0.37      0.40       714
         20       0.54      0.53      0.54      1502
         22       0.44      0.41      0.42      1742
         23       0.50      0.44      0.47       818
         24       0.60      0.65      0.62      2436
         25       0.39      0.21      0.28      1786
         26       0.70      0.65      0.67       642
         28       0.45      0.24      0.32       495
         29       0.40      0.17      0.24       583
         30       0.62      0.51      0.56       702
         31       0.29      0.12      0.17       544
         32       0.28      0.10      0.15       439
         33       0.59      0.59      0.59       580
         35       0.55      0.45      0.49       305
         36       0.29      0.08      0.13       251
         37       0.52      0.53      0.53       645
         38       0.48      0.36      0.41       217
         41       0.55      0.71      0.62       552
         42       0.22      0.04      0.07       264
         43       0.34      0.11      0.17       242
         44       0.44      0.24      0.31       615

avg / total       0.47      0.49      0.47     66249
