             precision    recall  f1-score   support

          3       0.41      0.32      0.36       333
          4       0.48      0.52      0.50       392
          6       1.00      0.99      0.99       937
          7       0.36      0.55      0.43       668
          8       0.43      0.42      0.42       413
          9       0.39      0.32      0.35       453
         10       0.54      0.56      0.55       358
         11       0.65      0.56      0.60       227
         13       0.54      0.43      0.48       378
         16       0.33      0.25      0.29       301
         19       0.55      0.52      0.53       272
         21       0.48      0.44      0.46       307

avg / total       0.56      0.55      0.55      5039
