             precision    recall  f1-score   support

          1       0.91      0.96      0.93      3545
          2       0.87      0.87      0.87      1477
          3       0.93      0.97      0.95      1778
          4       0.85      0.64      0.73       666
          6       0.67      0.06      0.12       220
          7       0.89      0.93      0.91       539
          8       0.92      0.89      0.91       762
         10       0.92      0.98      0.95      1395
         12       0.99      0.99      0.99       230

avg / total       0.90      0.91      0.90     10612
