             precision    recall  f1-score   support

          1       0.92      0.95      0.93      3545
          2       0.85      0.87      0.86      1477
          3       0.93      0.97      0.95      1778
          4       0.84      0.63      0.72       666
          6       0.57      0.04      0.07       221
          7       0.90      0.94      0.92       539
          8       0.91      0.88      0.90       762
         10       0.91      0.99      0.95      1395
         12       0.99      0.97      0.98       230

avg / total       0.90      0.90      0.89     10613
