             precision    recall  f1-score   support

          3       0.39      0.32      0.35       333
          4       0.50      0.53      0.51       391
          6       1.00      0.99      0.99       937
          7       0.37      0.56      0.44       668
          8       0.43      0.41      0.42       413
          9       0.41      0.32      0.36       452
         10       0.54      0.51      0.53       357
         11       0.64      0.56      0.60       227
         13       0.56      0.46      0.50       377
         16       0.33      0.23      0.27       301
         19       0.49      0.47      0.48       271
         21       0.44      0.48      0.46       306

avg / total       0.55      0.55      0.55      5033
