             precision    recall  f1-score   support

          1       0.42      0.60      0.49      2981
          2       0.50      0.47      0.49       244
          3       0.49      0.53      0.51      1102
          4       0.39      0.24      0.30       484
          5       0.69      0.65      0.67      3062
          6       0.63      0.64      0.63      1752
          7       0.13      0.04      0.06       234
          8       0.37      0.29      0.32      1822
          9       0.58      0.47      0.52       301
         10       0.43      0.39      0.41       762
         11       0.53      0.57      0.55      1112
         12       0.64      0.69      0.66       287
         13       0.67      0.56      0.61       226
         14       0.62      0.65      0.63       477
         15       0.49      0.40      0.44       511
         16       0.29      0.18      0.22       439
         17       0.42      0.22      0.29       219
         19       0.50      0.48      0.49       432
         20       0.37      0.27      0.31       330

avg / total       0.51      0.51      0.50     16777
