             precision    recall  f1-score   support

          1       0.41      0.58      0.48      2982
          2       0.50      0.45      0.47       245
          3       0.49      0.52      0.50      1103
          4       0.36      0.21      0.26       485
          5       0.69      0.65      0.67      3062
          6       0.61      0.67      0.64      1752
          7       0.16      0.05      0.08       235
          8       0.36      0.28      0.32      1823
          9       0.55      0.44      0.49       302
         10       0.45      0.42      0.44       762
         11       0.52      0.58      0.55      1113
         12       0.66      0.71      0.68       288
         13       0.61      0.52      0.56       227
         14       0.70      0.62      0.66       478
         15       0.48      0.37      0.42       512
         16       0.30      0.17      0.22       440
         17       0.39      0.22      0.28       220
         19       0.54      0.49      0.52       433
         20       0.42      0.25      0.31       331

avg / total       0.51      0.51      0.50     16793
