             precision    recall  f1-score   support

          1       0.42      0.60      0.50      2982
          2       0.48      0.42      0.45       244
          3       0.50      0.50      0.50      1103
          4       0.40      0.24      0.30       484
          5       0.69      0.64      0.67      3062
          6       0.61      0.66      0.64      1752
          7       0.17      0.06      0.08       234
          8       0.35      0.29      0.31      1823
          9       0.53      0.49      0.51       301
         10       0.43      0.41      0.42       762
         11       0.54      0.61      0.57      1113
         12       0.64      0.73      0.68       287
         13       0.71      0.61      0.65       227
         14       0.67      0.63      0.65       477
         15       0.47      0.38      0.42       511
         16       0.37      0.23      0.28       439
         17       0.44      0.26      0.33       219
         19       0.55      0.48      0.52       433
         20       0.47      0.31      0.38       331

avg / total       0.51      0.52      0.51     16784
