             precision    recall  f1-score   support

          1       0.82      0.94      0.88      1069
          2       0.59      0.64      0.61       584
          3       0.66      0.28      0.40       169
          4       0.56      0.54      0.55       914
          5       0.54      0.38      0.44       101
          6       0.97      0.93      0.95       222
          7       0.65      0.66      0.66       122
          8       0.84      0.91      0.87       107
         10       0.55      0.34      0.42        79

avg / total       0.69      0.70      0.69      3367
