             precision    recall  f1-score   support

          1       0.62      0.30      0.40       117
          2       0.85      0.63      0.72       219
          3       0.89      0.88      0.89      1859
          4       0.92      0.89      0.90       833
          5       0.98      0.95      0.96        55
          6       0.95      0.79      0.86        98
          7       0.96      0.98      0.97      2449
          8       0.77      0.73      0.75        51
          9       0.71      0.44      0.55       106
         10       0.71      0.86      0.77        14
         11       0.99      0.99      0.99       445
         12       0.92      0.97      0.94      2736
         13       0.99      1.00      0.99       305
         14       0.95      0.98      0.97       529
         15       0.92      0.93      0.93       553

avg / total       0.92      0.93      0.92     10369
