             precision    recall  f1-score   support

          1       0.99      0.99      0.99     53648
          2       0.81      0.91      0.86     53240
          3       0.86      0.82      0.84      9531
          4       0.81      0.79      0.80      8149
          5       0.72      0.43      0.54      6140
          6       0.54      0.15      0.24      4254
          7       0.98      0.96      0.97       204
          8       0.84      0.85      0.85      1175
          9       0.59      0.30      0.39       317
         10       0.81      0.37      0.51        78
         11       0.61      0.36      0.45       150
         12       0.76      0.30      0.43       107
         14       0.81      0.42      0.55       218
         15       0.77      0.33      0.46        83
         16       0.50      0.14      0.21       176

avg / total       0.87      0.88      0.87    137470
