             precision    recall  f1-score   support

          1       0.90      0.96      0.92      2040
          2       0.80      0.82      0.81      1226
          3       0.82      0.64      0.72        50
          4       0.74      0.56      0.63        45
          5       0.64      0.64      0.64       116
          6       1.00      0.09      0.17        11
          7       0.52      0.29      0.37        45
          9       1.00      0.11      0.19        19
         10       0.74      0.83      0.78       113
         11       0.80      0.18      0.30        22
         12       0.76      0.65      0.70       551
         13       0.17      0.04      0.06        26

avg / total       0.83      0.84      0.83      4264
