             precision    recall  f1-score   support

          1       0.52      0.42      0.47       441
          2       0.96      0.94      0.95      1277
          3       0.84      0.88      0.86      1111
          4       0.62      0.65      0.63       172
          6       0.84      0.88      0.86       253
          7       0.93      0.95      0.94       674
          8       0.84      0.79      0.81        71
         10       0.70      0.79      0.74       149

avg / total       0.84      0.85      0.85      4148
