             precision    recall  f1-score   support

          1       0.83      0.93      0.88     35295
          2       0.78      0.79      0.78     73777
          3       0.80      0.75      0.77     19887
          4       0.65      0.47      0.54     56393
          5       0.98      0.98      0.98     92341
          6       0.92      0.94      0.93     10900
          7       0.67      0.80      0.73     81824
          8       0.91      0.94      0.92     18265
          9       0.93      0.88      0.90     10949
         10       0.79      0.86      0.82     10650
         11       0.87      0.82      0.84      1212
         12       0.89      0.90      0.90     11412
         13       0.87      0.90      0.89     45369
         14       0.88      0.90      0.89      9928
         15       0.94      0.93      0.94     12890
         16       0.94      0.95      0.94     15124
         17       0.79      0.88      0.83      4975
         18       0.72      0.70      0.71      3294
         19       0.85      0.80      0.83     17598
         20       0.98      0.93      0.95       422
         21       0.94      0.92      0.93      3931
         22       0.89      0.83      0.86     16818
         23       0.99      0.98      0.99      2656
         24       0.80      0.71      0.75      6829
         25       0.64      0.40      0.49      3911
         26       0.98      0.99      0.98      3533
         27       0.98      0.98      0.98     10845
         28       0.99      1.00      0.99      9409
         29       0.91      0.93      0.92      9708
         30       0.99      0.98      0.99      3842
         31       0.78      0.56      0.65       115
         32       0.70      0.27      0.39      1523
         33       0.87      0.90      0.88      4964
         34       0.51      0.02      0.04      2212
         35       0.96      0.98      0.97      1780
         36       0.86      0.83      0.84      1468
         37       0.65      0.65      0.65        80
         38       0.53      0.20      0.29       694
         39       0.51      0.25      0.34       143
         40       1.00      0.03      0.06        96
         41       0.77      0.25      0.38       404
         42       0.00      0.00      0.00         3
         43       1.00      0.33      0.50        12
         44       0.82      0.47      0.60        59
         45       0.94      0.91      0.92        74
         46       0.79      0.75      0.77        20
         47       0.00      0.00      0.00        17
         48       0.38      0.07      0.12        68
         49       0.00      0.00      0.00         5
         50       0.00      0.00      0.00         4
         51       0.00      0.00      0.00        23
         52       0.00      0.00      0.00         4
         53       0.25      0.25      0.25         4
         54       0.00      0.00      0.00         6
         55       0.00      0.00      0.00         6
         56       0.00      0.00      0.00         1
         57       0.00      0.00      0.00         1
         58       0.36      0.10      0.16        40
         59       0.94      0.87      0.90       789
         60       0.91      0.88      0.90       656
         61       0.93      0.77      0.84       145

avg / total       0.83      0.83      0.83    619403
