             precision    recall  f1-score   support

          1       0.86      0.95      0.91       302
          2       0.77      0.76      0.77       199
          3       0.76      0.76      0.76       928
          4       0.67      0.72      0.69       296
          5       0.84      0.88      0.86       474
          6       0.78      0.82      0.80       194
          7       0.61      0.69      0.65       230
          8       0.87      0.89      0.88       390
          9       0.78      0.90      0.84       306
         10       0.89      0.94      0.91       125
         11       0.74      0.62      0.67       201
         12       0.77      0.58      0.66       106
         13       0.73      0.38      0.50       125
         14       0.78      0.86      0.82       114
         16       0.39      0.14      0.21        93

avg / total       0.77      0.78      0.77      4083
