             precision    recall  f1-score   support

          1       0.75      0.74      0.74       276
          2       0.94      0.97      0.96       721
          3       0.75      0.76      0.75      1323
          4       0.76      0.81      0.79       704
          5       0.77      0.82      0.79       824
          6       0.55      0.45      0.50        88
          7       0.91      0.87      0.89       271
          8       0.67      0.07      0.13        28
          9       0.56      0.48      0.52        46
         10       0.82      0.54      0.65        26
         11       0.22      0.04      0.07        45
         12       0.00      0.00      0.00         5
         13       0.00      0.00      0.00         3
         14       0.00      0.00      0.00         4
         15       0.79      0.79      0.79       694
         16       0.72      0.80      0.76       101
         17       0.69      0.59      0.64       201

avg / total       0.78      0.79      0.78      5360
