             precision    recall  f1-score   support

          1       0.97      0.99      0.98      9459
          2       0.95      0.97      0.96      6885
          3       0.77      0.76      0.77       341
          4       0.85      0.88      0.86      1675
          5       0.73      0.72      0.72       396
          6       0.84      0.86      0.85       348
          7       0.84      0.85      0.85       279
          8       1.00      0.40      0.57         5
          9       0.91      0.92      0.92       223
         10       0.85      0.89      0.87       298
         11       0.82      0.66      0.73       386
         12       0.67      0.44      0.53       173
         13       0.67      0.77      0.72        53
         14       0.72      0.57      0.64       117
         15       0.76      0.65      0.70        20
         16       0.62      0.16      0.25        63
         17       1.00      0.22      0.36         9
         18       0.55      0.35      0.43        17
         19       0.00      0.00      0.00         1
         20       0.40      0.11      0.17        19
         21       0.95      0.80      0.87       283
         22       0.79      0.72      0.76        43
         23       1.00      0.75      0.86        20
         24       0.86      0.60      0.70       166

avg / total       0.93      0.93      0.93     21279
