             precision    recall  f1-score   support

          1       0.93      0.67      0.78      1474
          2       0.98      0.94      0.96       252
          3       0.71      0.65      0.68       121
          4       0.61      0.78      0.69       375
          5       0.50      0.20      0.29        40
          6       0.90      0.88      0.89       299
          7       0.32      0.55      0.41        96
          8       0.97      0.94      0.95        33
          9       0.90      0.50      0.64        18
         10       0.82      0.64      0.72        22
         11       0.87      0.91      0.89       858
         12       0.79      0.94      0.86      1475

avg / total       0.84      0.82      0.82      5063
