             precision    recall  f1-score   support

          1       0.92      0.94      0.93     48310
          2       0.86      0.90      0.88     30442
          3       0.83      0.74      0.78      8312
          4       0.83      0.80      0.81      1563
          5       0.62      0.39      0.48      1587
          6       0.83      0.76      0.80      1726
          7       0.86      0.45      0.59        40
          8       0.00      0.00      0.00         1
          9       0.00      0.00      0.00         1
         10       0.88      0.93      0.91      3798
         11       0.68      0.66      0.67        29
         12       0.43      0.31      0.36       141
         13       0.88      0.91      0.89      2970
         14       0.90      0.39      0.55        23
         15       0.83      0.79      0.81       729
         16       0.81      0.79      0.80      1755
         17       0.17      0.08      0.11        24
         18       0.98      0.96      0.97        95
         19       0.81      0.75      0.78       260
         20       0.76      0.66      0.71       689
         21       0.74      0.71      0.73        28
         22       0.83      0.73      0.77        66
         23       0.89      0.93      0.91      2518
         24       0.84      0.50      0.63       322
         25       0.81      0.85      0.83       139
         26       0.90      0.90      0.90       479
         27       0.89      0.93      0.91      2514
         28       0.78      0.70      0.73       374
         29       0.82      0.54      0.65       121
         30       0.72      0.61      0.66       148
         31       0.49      0.26      0.34       287
         32       0.73      0.80      0.77      1042
         33       0.77      0.79      0.78      1244
         34       0.54      0.28      0.37        25
         35       0.77      0.88      0.82        42
         36       0.80      0.74      0.77      2488
         37       0.78      0.69      0.73       164
         38       0.74      0.60      0.66       282
         39       0.89      0.94      0.91      4368
         40       0.91      0.95      0.93      1042
         41       0.44      0.15      0.22        55
         42       1.00      0.42      0.59        26
         43       0.83      0.73      0.78        81
         44       0.76      0.58      0.66      1859
         45       0.87      0.83      0.85      1192
         46       0.88      0.19      0.31        73
         47       0.90      0.71      0.79       116
         48       0.69      0.73      0.71       624
         49       0.70      0.69      0.69       120
         50       0.68      0.80      0.74      1251
         51       0.74      0.73      0.73       172
         52       0.92      0.95      0.93       485
         53       0.89      0.88      0.88       875
         54       0.37      0.08      0.13       443
         55       0.77      0.76      0.76       290
         56       0.87      0.97      0.92       168
         57       0.20      0.06      0.09       175
         58       0.91      0.38      0.54        26
         59       0.73      0.55      0.63       390

avg / total       0.87      0.87      0.87    128609
