             precision    recall  f1-score   support

          1       0.64      0.45      0.53       602
          2       0.99      0.99      0.99     10058
          3       0.96      0.97      0.97      5340
          4       0.95      0.93      0.94       985
          5       0.72      0.76      0.74      1037
          6       0.93      0.91      0.92      1918
          7       0.94      0.96      0.95     10680
          8       0.96      0.96      0.96      3076
          9       0.95      0.87      0.91       364
         10       0.99      0.98      0.99      4605
         11       0.78      0.69      0.73       246
         12       0.95      0.95      0.95      4061
         13       0.71      0.68      0.69        85
         15       0.67      0.38      0.48        58
         16       0.50      0.04      0.07        27
         17       0.80      0.42      0.55        19

avg / total       0.95      0.95      0.95     43161
