             precision    recall  f1-score   support

          2       0.96      0.86      0.91        81
          3       0.94      0.96      0.95      1729
          4       0.99      0.93      0.96       420
          5       0.79      0.55      0.65        75
          6       0.89      0.95      0.92       388
          7       0.96      0.95      0.96       387
          8       0.94      0.94      0.94       747
          9       0.88      0.90      0.89       650
         10       0.94      0.88      0.91        83
         14       0.91      0.92      0.91       318
         15       0.68      0.62      0.65       115

avg / total       0.92      0.92      0.92      4993
