             precision    recall  f1-score   support

          1       0.98      0.99      0.99     32239
          2       0.90      0.92      0.91      8835
          3       0.98      0.99      0.98     38593
          4       0.94      0.91      0.93      6205
          5       0.89      0.90      0.90      6477
          6       0.94      0.95      0.95      7849
          7       0.97      0.98      0.97     20971
          8       0.95      0.94      0.94      2391
          9       0.92      0.93      0.93     14527
         10       0.86      0.84      0.85      5511
         11       0.95      0.96      0.95     17151
         12       0.89      0.89      0.89      3416
         13       0.97      0.94      0.95      5988
         14       0.94      0.92      0.93     10921
         15       0.99      0.99      0.99      5363
         16       0.95      0.94      0.95       807
         17       0.96      0.96      0.96      5045
         18       0.90      0.88      0.89      3563
         19       0.88      0.71      0.79      1276
         20       0.74      0.62      0.68       218
         21       0.92      0.90      0.91      1322
         22       0.88      0.90      0.89      2638
         23       0.92      0.92      0.92       624
         24       0.00      0.00      0.00         2
         25       0.86      0.65      0.74       304
         26       0.87      0.59      0.70        34
         27       1.00      0.86      0.93        29
         28       0.89      0.55      0.68        62
         29       0.89      0.36      0.52        22
         30       0.91      0.83      0.87       529
         31       0.68      0.66      0.67        32
         32       1.00      0.29      0.45        24
         33       0.89      0.82      0.85       414
         34       0.96      0.92      0.94       328
         35       0.89      1.00      0.94        48

avg / total       0.95      0.95      0.95    203758
