             precision    recall  f1-score   support

          1       0.91      0.94      0.92      1474
          2       0.99      0.94      0.96       252
          3       0.88      0.63      0.73       121
          4       0.87      0.82      0.85       375
          5       0.54      0.18      0.27        39
          6       0.90      0.88      0.89       298
          7       0.91      0.53      0.67        96
          8       1.00      0.94      0.97        32
          9       0.90      0.50      0.64        18
         10       0.93      0.64      0.76        22
         11       0.88      0.89      0.89       858
         12       0.86      0.91      0.88      1475

avg / total       0.89      0.89      0.88      5060
