             precision    recall  f1-score   support

          1       0.99      0.99      0.99     32239
          2       0.90      0.92      0.91      8835
          3       0.98      0.99      0.98     38594
          4       0.94      0.92      0.93      6205
          5       0.89      0.91      0.90      6478
          6       0.95      0.95      0.95      7849
          7       0.97      0.98      0.97     20971
          8       0.94      0.94      0.94      2391
          9       0.92      0.93      0.92     14527
         10       0.88      0.84      0.86      5512
         11       0.95      0.96      0.95     17152
         12       0.89      0.88      0.89      3417
         13       0.97      0.94      0.96      5988
         14       0.93      0.93      0.93     10922
         15       0.99      0.99      0.99      5363
         16       0.95      0.92      0.94       808
         17       0.96      0.97      0.96      5045
         18       0.89      0.89      0.89      3563
         19       0.89      0.71      0.79      1276
         20       0.73      0.66      0.69       218
         21       0.93      0.92      0.92      1322
         22       0.89      0.87      0.88      2638
         23       0.94      0.92      0.93       625
         24       0.00      0.00      0.00         2
         25       0.91      0.61      0.73       304
         26       0.96      0.69      0.80        35
         27       0.97      0.97      0.97        29
         28       0.91      0.63      0.74        62
         29       0.77      0.45      0.57        22
         30       0.89      0.84      0.87       529
         31       0.69      0.56      0.62        32
         32       1.00      0.29      0.45        24
         33       0.89      0.79      0.84       415
         34       0.97      0.94      0.95       329
         35       0.84      1.00      0.91        48

avg / total       0.95      0.95      0.95    203769
