             precision    recall  f1-score   support

          1       0.98      0.98      0.98      6202
          2       0.98      0.99      0.99     10410
          3       0.96      0.95      0.95      1008
          4       0.97      0.97      0.97       888
          5       0.88      0.96      0.91       700
          6       0.97      0.94      0.95       375
          7       0.95      0.84      0.89       328
          8       0.82      0.78      0.80       125
          9       0.72      0.28      0.40       117

avg / total       0.97      0.97      0.97     20153
