             precision    recall  f1-score   support

          1       0.96      0.98      0.97     11341
          2       0.91      0.88      0.89      3514
          3       0.89      0.93      0.91      5938
          4       0.80      0.85      0.82      1663
          5       0.92      0.95      0.94      2777
          6       0.78      0.66      0.71        47
          7       0.71      0.50      0.59        74
          8       0.85      0.86      0.86       920
          9       0.89      0.55      0.68        29
         10       0.90      0.95      0.92       923
         11       0.89      0.84      0.87      1398
         12       0.83      0.81      0.82       392
         13       0.00      0.00      0.00        11
         14       0.66      0.61      0.64       200
         15       0.76      0.72      0.74       615
         16       0.79      0.22      0.34       125
         17       0.92      0.78      0.84       113
         18       0.67      0.09      0.15        23
         19       0.33      0.08      0.13        12
         20       0.84      0.88      0.86       364
         21       1.00      0.50      0.67        12
         22       0.25      0.03      0.05        35
         23       0.67      0.33      0.44         6
         24       0.00      0.00      0.00         4
         25       0.25      0.09      0.13        11
         26       0.00      0.00      0.00         2
         27       0.00      0.00      0.00         9
         28       0.00      0.00      0.00         3
         29       0.00      0.00      0.00         4
         30       0.80      0.53      0.64        77
         31       1.00      0.94      0.97        18
         32       0.81      0.53      0.64       297
         33       0.87      0.88      0.87       395
         34       0.84      0.77      0.80      1408
         35       0.78      0.64      0.71        45
         36       0.83      0.64      0.72        78

avg / total       0.90      0.90      0.90     32883
