             precision    recall  f1-score   support

          1       0.61      0.57      0.59        60
          2       0.76      0.76      0.76       156
          3       0.74      0.87      0.80        83
          4       0.93      0.65      0.76        20
          5       0.72      0.76      0.74        41
          6       0.97      0.88      0.92        33
          7       0.65      0.63      0.64        41
         10       0.76      0.71      0.73        31

avg / total       0.74      0.74      0.74       465
