             precision    recall  f1-score   support

          1       0.84      0.89      0.87      1139
          2       0.94      0.97      0.95       796
          3       0.96      0.90      0.93       131
          4       0.77      0.76      0.76       119
          5       0.92      0.95      0.94      2393
          6       0.95      0.91      0.93       415
          7       0.44      0.35      0.39        71
          8       0.74      0.68      0.71        93
          9       0.74      0.50      0.60       239
         10       0.67      0.72      0.69       498
         11       0.89      0.87      0.88       522
         12       0.97      0.94      0.96       341
         13       0.96      0.97      0.97       223
         14       0.97      0.88      0.92        41
         15       0.81      0.69      0.75        32
         16       0.80      0.58      0.67        57
         17       0.69      0.67      0.68        61
         18       0.92      0.46      0.61        24
         19       0.69      0.21      0.32        43
         20       0.67      0.43      0.52        28
         21       0.79      0.60      0.69        96
         22       0.90      0.97      0.93        36
         23       0.53      0.53      0.53        34
         24       0.92      0.82      0.87        60
         25       0.59      0.50      0.54        20
         26       0.00      0.00      0.00        10
         27       0.86      0.92      0.89       585
         28       0.53      0.56      0.54        52
         29       0.67      0.41      0.51       126
         30       0.32      0.32      0.32        19
         31       0.73      0.87      0.79       253
         32       0.74      0.82      0.78        79
         33       0.65      0.77      0.70        91
         34       0.61      0.58      0.59        73
         35       0.84      0.87      0.85       149
         36       0.94      0.69      0.79        64

avg / total       0.86      0.86      0.85      9013
