             precision    recall  f1-score   support

          1       0.87      0.88      0.87      4368
          2       0.97      0.94      0.95       480
          3       0.99      0.98      0.99      1691
          4       0.71      0.72      0.72      1955
          5       0.96      0.80      0.87       106
          6       0.00      0.00      0.00         8
          7       0.29      0.08      0.12        26
          8       0.79      0.75      0.77       193
          9       0.79      0.72      0.75       143

avg / total       0.86      0.86      0.86      8970
