             precision    recall  f1-score   support

          1       0.94      0.91      0.92      1116
          2       0.96      0.98      0.97      9726
          3       0.97      0.97      0.97      4162
          5       0.97      0.63      0.76        99
          6       0.97      0.95      0.96      4576
          7       0.98      0.97      0.97       860
          9       0.94      0.91      0.93        91
         10       0.93      0.89      0.91        72
         11       0.99      0.90      0.94       158

avg / total       0.97      0.97      0.97     20860
