             precision    recall  f1-score   support

          1       0.78      0.87      0.82     10447
          2       0.69      0.40      0.51       432
          3       0.92      0.95      0.94      7454
          4       0.73      0.60      0.66      5969
          5       0.80      0.88      0.84      2387
          6       0.88      0.92      0.90      4730
          7       0.75      0.81      0.78      1137
          8       0.93      0.88      0.91      1058
          9       0.72      0.78      0.75       498
         10       0.64      0.24      0.35        37
         11       0.49      0.23      0.31       459
         12       0.81      0.77      0.79       225
         13       0.60      0.20      0.30       146
         14       0.67      0.32      0.43       116
         15       0.00      0.00      0.00         1
         16       0.00      0.00      0.00         1
         17       0.00      0.00      0.00         2
         18       0.00      0.00      0.00         1
         19       0.00      0.00      0.00         1
         20       0.00      0.00      0.00         1
         21       0.00      0.00      0.00         1
         22       0.00      0.00      0.00         1
         23       0.91      0.89      0.90       595
         24       0.76      0.72      0.74       269
         25       0.85      0.18      0.30        60
         26       0.76      0.55      0.64       123
         27       0.88      0.81      0.85      1674
         28       0.80      0.69      0.74      1268
         29       0.62      0.47      0.53       178
         30       0.78      0.79      0.79       646
         31       0.33      0.11      0.17        18
         32       0.80      0.72      0.76       201

avg / total       0.81      0.82      0.81     40136
