             precision    recall  f1-score   support

          1       0.88      0.90      0.89      3981
          2       0.87      0.86      0.86      4190
          3       0.89      0.90      0.89      4005
          4       0.88      0.87      0.87      2259
          5       0.92      0.90      0.91      1469
          6       0.92      0.92      0.92       641
          8       0.72      0.68      0.70       326
          9       0.99      0.98      0.98       147
         11       0.90      0.77      0.83       146
         12       0.79      0.76      0.77        98

avg / total       0.88      0.88      0.88     17262
