             precision    recall  f1-score   support

          1       0.91      0.95      0.93      3906
          2       0.71      0.82      0.76      6214
          3       0.98      0.97      0.98       457
          4       0.89      0.93      0.91      3475
          5       0.56      0.40      0.47      3124
          6       0.94      0.94      0.94      1228
          7       0.91      0.93      0.92      2133
          8       0.80      0.83      0.82      1079
          9       0.90      0.91      0.91      2832
         10       0.97      0.94      0.96       349
         11       0.89      0.84      0.86       341
         12       0.93      0.91      0.92      1565
         13       0.99      0.98      0.98       784
         14       0.95      0.84      0.89       122
         15       0.89      0.83      0.86       459
         16       0.86      0.66      0.75        94
         17       0.40      0.25      0.31        16
         18       0.98      0.92      0.95       259
         19       0.86      0.82      0.84       113
         20       1.00      1.00      1.00         3
         21       0.00      0.00      0.00         1
         22       1.00      0.54      0.70        26
         23       0.91      0.46      0.61        70
         24       0.82      0.31      0.45        99
         25       0.80      0.24      0.37        33
         26       0.74      0.37      0.50        83
         27       0.87      0.77      0.82       191
         28       0.93      0.88      0.90        32
         29       0.81      0.40      0.54        55
         30       0.62      0.59      0.60       231
         31       0.78      0.78      0.78       304
         32       0.77      0.40      0.53        50
         33       0.57      0.38      0.46        63
         34       0.62      0.45      0.52        96
         35       0.65      0.54      0.59        24
         36       0.83      0.58      0.68        95
         37       0.62      0.38      0.47        42
         38       0.80      0.55      0.65        80

avg / total       0.82      0.83      0.82     30128
