             precision    recall  f1-score   support

          1       0.99      1.00      0.99     39810
          2       0.74      0.76      0.75       724
          3       0.57      0.45      0.50       821
          4       0.96      0.97      0.96      6399
          5       0.94      0.94      0.94      1567
          6       0.60      0.44      0.51       878
          7       0.66      0.44      0.53       972
          9       0.85      0.88      0.87      1303
         10       0.89      0.94      0.92      1336
         11       0.89      0.94      0.92      2411
         12       0.94      0.95      0.94      1171
         13       0.74      0.74      0.74       849
         14       0.72      0.78      0.75      1670
         15       0.93      0.90      0.91       493
         16       0.93      0.91      0.92       459
         17       0.79      0.79      0.79       399
         18       0.60      0.49      0.54       229
         19       0.92      0.94      0.93       641
         20       0.87      0.81      0.84       270

avg / total       0.94      0.94      0.94     62402
