             precision    recall  f1-score   support

          1       0.46      0.51      0.48       215
          2       0.86      0.93      0.89      1989
          3       0.85      0.79      0.82       984
          4       0.90      0.76      0.83       173
          5       0.90      0.92      0.91       107
          6       0.91      0.95      0.93      2480
          7       0.69      0.66      0.67       504
          8       0.94      0.92      0.93       177
          9       1.00      0.96      0.98        26
         10       0.75      0.81      0.78       580
         11       0.83      0.86      0.85        73
         12       0.47      0.36      0.41       211
         13       0.75      0.61      0.67       546
         14       0.89      0.77      0.82       140
         15       0.92      0.91      0.92       120
         16       0.53      0.37      0.44       132
         17       0.98      0.98      0.98        88
         18       0.91      0.77      0.83        81
         19       0.95      0.93      0.94        44
         20       0.97      0.97      0.97       950
         21       0.95      0.97      0.96       403
         22       0.97      0.96      0.96       410
         23       0.95      0.94      0.94       945

avg / total       0.86      0.86      0.86     11378
