             precision    recall  f1-score   support

          1       0.85      0.94      0.89     72183
          2       0.93      0.95      0.94     22326
          3       0.64      0.32      0.43      1314
          4       0.95      0.93      0.94      4727
          5       0.43      0.08      0.13      3655
          6       0.92      0.91      0.92     12356
          7       0.74      0.47      0.57       408
          8       0.89      0.89      0.89      5064
          9       0.95      0.90      0.92      2072
         10       0.91      0.79      0.85       691
         11       0.81      0.68      0.74     15392
         13       0.59      0.28      0.38       981
         14       0.45      0.37      0.41      1163
         15       0.90      0.86      0.88      8108
         16       0.77      0.74      0.76       763
         17       0.44      0.09      0.15       597

avg / total       0.85      0.87      0.85    151800
