             precision    recall  f1-score   support

          1       0.99      0.99      0.99      3256
          2       0.99      0.99      0.99      1945
          3       1.00      0.99      0.99      2010
          4       0.76      0.74      0.75       287
          5       1.00      0.67      0.80        15
          6       0.00      0.00      0.00         3
          7       0.85      0.73      0.78       205
          8       0.74      0.69      0.71       142
          9       0.79      0.83      0.81       323
         10       0.89      0.67      0.76        94
         11       0.00      0.00      0.00         6
         12       0.36      0.17      0.23        29
         13       0.25      0.12      0.17         8
         14       0.50      0.25      0.33         8
         15       0.80      0.31      0.44        13
         16       0.95      1.00      0.97      2186
         17       0.50      0.05      0.08        22
         18       0.71      0.72      0.71       288
         19       0.74      0.84      0.79       132
         20       0.70      0.69      0.69        48
         21       0.73      0.65      0.69       101
         22       0.94      0.90      0.92        68

avg / total       0.95      0.95      0.95     11189
