             precision    recall  f1-score   support

          1       0.91      0.96      0.93     12892
          2       0.98      0.97      0.97      7449
          3       0.90      0.87      0.88      3519
          4       0.91      0.95      0.93     11716
          5       0.87      0.71      0.78      1421
          6       0.96      0.96      0.96      7737
          7       0.84      0.69      0.76      2350
          8       0.98      0.97      0.98      1110
          9       0.87      0.88      0.87       520
         10       0.88      0.79      0.83       608
         11       0.00      0.00      0.00         1
         12       0.86      0.15      0.26        40
         13       0.54      0.28      0.36       287
         14       0.33      0.14      0.20         7
         15       0.00      0.00      0.00         1
         16       0.00      0.00      0.00         3
         17       0.00      0.00      0.00         1
         18       0.00      0.00      0.00         1
         19       1.00      0.33      0.50         3
         20       0.00      0.00      0.00         1
         21       0.00      0.00      0.00         1
         22       0.00      0.00      0.00         1
         23       0.00      0.00      0.00         1
         24       0.00      0.00      0.00         1
         25       0.00      0.00      0.00         1
         26       0.90      0.86      0.88      3007
         27       0.94      0.40      0.56        80
         28       0.91      0.77      0.83       521

avg / total       0.92      0.92      0.92     53280
