             precision    recall  f1-score   support

          1       0.80      0.83      0.81      2277
          2       0.57      0.59      0.58       336
          3       0.80      0.85      0.83       246
          4       0.83      0.80      0.81       296
          5       0.79      0.74      0.77       224
          6       0.71      0.49      0.58       136
          7       0.90      0.87      0.88       494
          8       0.63      0.61      0.62       246
          9       0.42      0.24      0.31        78
         10       0.69      0.74      0.72       658
         13       0.68      0.68      0.68        74
         14       0.81      0.86      0.83       164
         15       0.66      0.65      0.66        72
         16       0.66      0.62      0.64       327

avg / total       0.76      0.76      0.76      5628
