             precision    recall  f1-score   support

          1       0.78      0.94      0.85     16597
          2       0.80      0.78      0.79      1975
          3       0.67      0.52      0.58       790
          4       0.52      0.08      0.14       585
          5       0.56      0.17      0.26      1996
          6       0.50      0.16      0.24       684
          7       0.93      0.88      0.90       424
          8       0.55      0.30      0.39       931
          9       0.44      0.08      0.13       228
         10       0.67      0.23      0.35       137
         11       0.80      0.67      0.73       101
         12       0.53      0.32      0.40       213

avg / total       0.73      0.76      0.72     24661
