             precision    recall  f1-score   support

          1       0.91      0.95      0.93      3905
          2       0.71      0.82      0.76      6214
          3       0.97      0.94      0.95       456
          4       0.89      0.93      0.91      3474
          5       0.56      0.42      0.48      3124
          6       0.94      0.94      0.94      1228
          7       0.92      0.91      0.92      2133
          8       0.81      0.84      0.82      1079
          9       0.90      0.92      0.91      2832
         10       0.95      0.89      0.92       348
         11       0.88      0.86      0.87       341
         12       0.94      0.92      0.93      1565
         13       0.99      0.99      0.99       784
         14       0.96      0.84      0.90       122
         15       0.91      0.84      0.88       458
         16       0.73      0.64      0.68        94
         17       1.00      0.07      0.12        15
         18       0.96      0.88      0.92       259
         19       0.81      0.76      0.79       113
         20       1.00      1.00      1.00         3
         21       0.00      0.00      0.00         1
         22       0.87      0.50      0.63        26
         23       0.86      0.44      0.58        70
         24       0.59      0.34      0.43        99
         25       0.64      0.21      0.32        33
         26       0.64      0.33      0.44        82
         27       0.91      0.79      0.85       191
         28       0.92      0.75      0.83        32
         29       0.63      0.48      0.55        54
         30       0.61      0.53      0.57       231
         31       0.74      0.84      0.78       304
         32       0.43      0.24      0.31        50
         33       0.71      0.47      0.56        62
         34       0.72      0.44      0.55        96
         35       0.78      0.29      0.42        24
         36       0.88      0.60      0.71        94
         37       0.65      0.31      0.42        42
         38       0.86      0.63      0.73        79

avg / total       0.82      0.83      0.82     30117
