             precision    recall  f1-score   support

          1       0.91      0.93      0.92      1913
          2       0.93      0.94      0.93      1860
          3       0.95      0.98      0.96       973
          4       0.93      0.94      0.93      2350
          5       0.98      0.98      0.98      2801
          6       0.72      0.62      0.67       164
          7       0.72      0.42      0.53       288
          8       0.91      0.93      0.92       697
          9       0.87      0.93      0.90       713
         10       0.86      0.89      0.87      2255
         11       0.87      0.85      0.86       260
         12       0.87      0.82      0.84       516
         13       0.95      0.95      0.95      1112
         14       0.83      0.83      0.83       158
         15       0.81      0.80      0.80        59
         16       0.86      0.75      0.80       128
         17       1.00      0.90      0.95        20
         18       0.77      0.53      0.62        19
         19       0.89      0.74      0.81       160
         20       0.72      0.59      0.65        22
         21       1.00      0.76      0.87        17
         22       0.83      0.87      0.85        55
         23       0.86      0.50      0.63        24
         24       0.93      0.59      0.72        22
         25       1.00      0.38      0.55        24
         26       0.91      0.91      0.91      1612
         27       0.89      0.89      0.89      2745
         28       1.00      0.91      0.95        33
         29       0.91      0.94      0.93       930
         30       0.85      0.86      0.86       842
         31       0.78      0.43      0.55        65

avg / total       0.91      0.91      0.91     22837
