             precision    recall  f1-score   support

          1       0.97      0.96      0.97       751
          2       0.81      0.76      0.78       246
          3       0.98      0.95      0.97       349
          4       0.88      0.92      0.90      1594
          5       0.88      0.93      0.91      1893
          6       0.87      0.88      0.87       435
          7       0.81      0.51      0.63        74
          8       0.71      0.50      0.59        48
          9       0.83      0.56      0.67         9
         10       0.00      0.00      0.00         1
         11       0.90      0.98      0.94       209
         12       0.83      0.61      0.70       314
         13       0.92      0.99      0.96        97
         14       0.76      0.63      0.69       196
         15       0.63      0.58      0.60       136

avg / total       0.88      0.88      0.88      6352
