             precision    recall  f1-score   support

          1       0.76      0.69      0.72      2250
          2       0.87      0.86      0.87      2786
          3       1.00      0.99      0.99      3417
          4       0.68      0.73      0.71      2925
          5       0.92      0.92      0.92      1353
          6       0.80      0.69      0.74       528
          7       0.95      0.87      0.91       497
          8       0.84      0.91      0.88       292
          9       0.98      0.98      0.98      3384
         10       0.94      1.00      0.97       619
         11       0.78      0.72      0.75       515
         12       0.38      0.27      0.32        11
         13       0.92      0.79      0.85        70
         14       0.72      0.63      0.68        79
         15       0.93      0.91      0.92       162
         16       0.78      0.76      0.77        38
         17       0.88      0.71      0.79        21
         18       1.00      0.54      0.70        24
         19       0.91      0.43      0.59        23
         20       0.97      0.99      0.98      1530
         21       0.96      1.00      0.98       216
         22       0.87      0.94      0.90      2645
         23       0.88      0.86      0.87       134
         24       0.98      0.95      0.97       108
         25       0.97      0.93      0.95        40
         26       1.00      0.71      0.83        17
         27       1.00      0.86      0.93        22
         28       0.00      0.00      0.00        20
         29       0.97      1.00      0.98       424
         30       0.89      0.94      0.92        71
         31       0.93      0.90      0.91        88

avg / total       0.88      0.88      0.88     24309
