             precision    recall  f1-score   support

          2       0.88      0.88      0.88        80
          3       0.94      0.96      0.95      1728
          4       0.92      0.93      0.93       420
          5       0.93      0.49      0.64        75
          6       0.94      0.90      0.92       387
          7       0.99      0.95      0.97       387
          8       0.95      0.94      0.94       746
          9       0.86      0.91      0.88       649
         10       0.88      0.84      0.86        83
         14       0.90      0.92      0.91       318
         15       0.65      0.59      0.62       115

avg / total       0.92      0.92      0.92      4988
