             precision    recall  f1-score   support

          1       0.95      0.97      0.96      9587
          2       0.85      0.71      0.78       877
          3       0.96      0.97      0.97      7885
          4       0.33      0.12      0.18         8
          5       0.00      0.00      0.00         8
          7       0.59      0.52      0.56        42
          8       0.80      0.52      0.63        92
          9       0.81      0.63      0.71       403
         10       0.57      0.67      0.62        52
         11       0.82      0.87      0.84       106
         12       0.82      0.74      0.78        19
         13       0.82      0.98      0.89       104
         14       0.35      0.29      0.32        24
         15       0.47      0.29      0.36        24
         16       0.86      0.45      0.59        56
         17       0.74      0.91      0.82       188
         18       0.83      0.83      0.83       114
         19       0.78      0.73      0.75       274
         20       0.83      0.95      0.88        20
         21       0.80      0.80      0.80        56
         22       0.72      0.87      0.79       173
         23       0.73      0.64      0.68       285
         24       0.73      0.41      0.52        27

avg / total       0.93      0.93      0.93     20424
