             precision    recall  f1-score   support

          1       0.95      0.92      0.94      4352
          2       0.98      0.99      0.99     25561
          3       0.95      0.95      0.95      7129
          4       0.95      0.96      0.96     10560
          5       0.95      0.94      0.95     10391
          6       0.95      0.94      0.95      7094
          7       0.96      0.82      0.89       852
          8       0.98      0.98      0.98      1653

avg / total       0.96      0.96      0.96     67592
