             precision    recall  f1-score   support

          1       0.94      0.93      0.93      2291
          2       0.82      0.90      0.86      9041
          3       0.78      0.50      0.61      1736
          5       0.98      0.92      0.95      1251
          6       0.68      0.49      0.57       210
          7       0.91      0.94      0.93      3710
          8       0.71      0.76      0.73       271
          9       0.63      0.43      0.51       367
         10       0.72      0.79      0.75       496
         12       0.67      0.68      0.67       157
         13       0.65      0.50      0.57       223
         14       0.87      0.70      0.78        77

avg / total       0.85      0.85      0.84     19830
