             precision    recall  f1-score   support

          1       0.96      0.97      0.97     14369
          2       0.94      0.96      0.95     16459
          3       0.93      0.95      0.94     16448
          4       0.98      0.98      0.98      9639
          5       0.82      0.77      0.79      1286
          6       0.96      0.93      0.94      2377
          7       0.94      0.87      0.90       513
          8       0.73      0.39      0.50       651
          9       0.79      0.43      0.56       242
         10       0.00      0.00      0.00         8
         11       0.96      0.75      0.84       100
         12       0.67      0.55      0.60        33
         13       0.93      0.90      0.91      1083

avg / total       0.94      0.95      0.94     63208
