             precision    recall  f1-score   support

          1       0.69      0.58      0.63       288
          2       0.92      0.96      0.94      2206
          3       0.91      0.93      0.92      2363
          4       0.91      0.93      0.92       766
          5       0.72      0.39      0.51       199
          6       0.96      0.96      0.96       355
          7       0.74      0.79      0.76       607
          8       0.80      0.78      0.79       462
          9       0.87      0.83      0.85       256
         10       0.42      0.34      0.38        38
         11       0.71      0.56      0.63        18
         12       0.91      0.91      0.91       205
         13       0.00      0.00      0.00         1
         14       1.00      0.20      0.33         5
         15       0.63      0.60      0.61       409
         16       0.22      0.04      0.07       138
         17       0.80      0.87      0.83      1256
         18       0.70      0.63      0.66        99

avg / total       0.85      0.86      0.85      9671
