             precision    recall  f1-score   support

          1       0.82      0.80      0.81       480
          2       0.99      0.99      0.99      3281
          3       0.94      0.97      0.95      1585
          4       0.92      0.83      0.87       181
          6       0.86      0.90      0.88      1080
          7       0.67      0.50      0.57        82
          8       0.65      0.47      0.55        74
          9       0.49      0.58      0.53       206
         10       0.78      0.74      0.76       547
         12       0.95      0.85      0.90       278
         13       0.44      0.35      0.39       147

avg / total       0.90      0.90      0.90      7941
