             precision    recall  f1-score   support

          1       1.00      0.93      0.96        28
          2       0.92      0.95      0.93       105
          3       0.95      0.98      0.97       820
          4       0.94      0.91      0.92        96
          5       0.89      0.97      0.93       209
          6       0.93      0.81      0.87        16
          7       0.85      0.94      0.89        31
          8       0.90      0.81      0.85        53
          9       0.93      0.74      0.82        19
         10       0.85      0.55      0.67        20
         11       0.83      0.65      0.73        23
         12       1.00      0.14      0.25        14
         13       0.00      0.00      0.00         3
         16       0.00      0.00      0.00         1
         17       0.76      0.61      0.68        41

avg / total       0.93      0.93      0.92      1479
