             precision    recall  f1-score   support

          1       0.57      0.33      0.42       317
          2       0.91      0.95      0.93     27755
          3       0.89      0.91      0.90      5498
          4       0.53      0.62      0.57      9372
          5       0.71      0.63      0.67     15998
          6       0.51      0.27      0.36      1757
          7       0.68      0.62      0.65       130
          8       0.50      0.40      0.44       259
          9       0.75      0.80      0.77      5693
         10       0.55      0.50      0.53       338
         11       0.41      0.38      0.39      5792
         12       0.50      0.38      0.43        24
         13       0.71      0.64      0.67       282
         14       0.94      0.93      0.93       330
         15       0.78      0.87      0.82      1996
         16       0.30      0.18      0.23        92
         17       0.73      0.57      0.64       208
         18       0.47      0.36      0.41        78
         19       0.69      0.74      0.71       265
         20       0.65      0.59      0.62       295
         21       0.47      0.53      0.50        53
         22       0.65      0.63      0.64        38
         23       0.25      0.25      0.25         4
         24       0.57      1.00      0.73         4
         25       0.76      0.70      0.73        67
         26       0.73      0.52      0.61        84
         27       0.36      0.33      0.34        15
         28       0.60      0.51      0.55        90
         29       0.48      0.28      0.35        58
         30       0.94      0.88      0.91        33
         32       0.00      0.00      0.00         2
         33       0.75      0.75      0.75         4
         46       0.67      0.40      0.50         5

avg / total       0.75      0.75      0.75     76936
