             precision    recall  f1-score   support

          1       0.76      0.88      0.82     10446
          2       0.75      0.42      0.54       431
          3       0.93      0.77      0.84      7453
          4       0.74      0.59      0.66      5969
          5       0.78      0.88      0.83      2386
          6       0.84      0.92      0.88      4729
          7       0.73      0.81      0.77      1136
          8       0.91      0.87      0.89      1058
          9       0.71      0.75      0.73       497
         10       0.76      0.36      0.49        36
         11       0.52      0.17      0.26       458
         12       0.80      0.77      0.78       224
         13       0.34      0.21      0.26       145
         14       0.63      0.30      0.40       115
         15       0.00      0.00      0.00         1
         17       0.00      0.00      0.00         2
         23       0.64      0.92      0.75       594
         24       0.75      0.76      0.75       268
         25       0.63      0.20      0.30        60
         26       0.59      0.53      0.56       123
         27       0.75      0.81      0.78      1673
         28       0.65      0.72      0.68      1267
         29       0.51      0.44      0.47       178
         30       0.68      0.81      0.74       645
         31       0.29      0.11      0.16        18
         32       0.70      0.78      0.73       200

avg / total       0.79      0.79      0.78     40112
