             precision    recall  f1-score   support

          1       0.97      0.99      0.98      8902
          2       0.97      0.95      0.96      5950
          3       0.94      0.73      0.82       143
          4       0.97      0.97      0.97      2448
          5       0.99      0.99      0.99       464
          6       0.94      0.95      0.94       130
          7       0.94      0.84      0.89       247
          8       0.96      0.95      0.95       628
          9       0.81      0.80      0.80       119

avg / total       0.97      0.97      0.97     19031
