             precision    recall  f1-score   support

          1       0.86      0.87      0.86       499
          2       0.91      0.93      0.92       395
          3       0.66      0.76      0.70       108
          4       0.85      0.88      0.87       521
          5       0.70      0.65      0.67       113
          7       0.65      0.44      0.53       286
          8       0.91      0.93      0.92       209
          9       0.76      0.87      0.81       260

avg / total       0.82      0.82      0.81      2391
