             precision    recall  f1-score   support

          1       0.98      1.00      0.99     42510
          2       0.95      0.97      0.96     22677
          3       0.61      0.53      0.57      1634
          4       0.96      0.96      0.96      4750
          5       0.89      0.78      0.83      2537
          6       0.96      0.93      0.95      2377
          7       0.97      0.96      0.97       530
          8       0.86      0.56      0.68        45
          9       0.90      0.90      0.90       442
         10       0.96      0.96      0.96      1778
         11       0.81      0.83      0.82       803
         12       0.89      0.89      0.89      1226
         13       0.85      0.87      0.86      1167
         14       0.90      0.62      0.74       234
         15       0.78      0.56      0.65       102
         16       0.53      0.27      0.36        70
         17       0.89      0.88      0.88       388
         18       0.72      0.53      0.61       304
         19       0.79      0.70      0.74       217
         20       0.85      0.79      0.82       230
         21       0.80      0.66      0.72        73
         22       0.55      0.33      0.42        81
         23       0.77      0.66      0.71        77
         24       0.68      0.23      0.35        81
         25       0.00      0.00      0.00         6
         26       0.00      0.00      0.00         2
         27       0.91      0.89      0.90      1743
         28       0.88      0.68      0.77        41
         29       1.00      0.53      0.69        36
         30       0.82      0.80      0.81        74

avg / total       0.95      0.95      0.95     86235
