             precision    recall  f1-score   support

          1       0.99      0.98      0.99       792
          2       0.99      0.99      0.99      3442
          3       0.99      1.00      1.00      5706
          4       1.00      0.99      0.99      1296
          5       0.97      0.96      0.96       265
          6       0.98      0.67      0.79        69
          7       0.88      0.90      0.89       169
          8       0.99      0.97      0.98       102

avg / total       0.99      0.99      0.99     11841
