             precision    recall  f1-score   support

          1       0.85      0.91      0.88      1423
          2       0.85      0.81      0.83       894
          3       0.18      0.04      0.07        49
          4       0.86      0.75      0.80       118
          5       0.48      0.41      0.44       108
          6       0.81      0.79      0.80       150
          7       0.80      0.81      0.80       106
          8       0.70      0.70      0.70        53
          9       0.96      0.98      0.97       283

avg / total       0.83      0.84      0.83      3184
