             precision    recall  f1-score   support

          1       0.97      0.99      0.98      8040
          2       0.91      0.93      0.92       393
          3       0.82      0.90      0.86      1916
          4       0.87      0.85      0.86      2019
          5       0.91      0.89      0.90      1164
          6       0.91      0.92      0.91      1148
          7       0.91      0.92      0.92      8617
          8       0.96      0.97      0.97      2051
          9       0.92      0.98      0.95       482
         10       0.62      0.51      0.56      2190
         11       0.95      0.98      0.96       420
         12       0.65      0.60      0.62       423
         13       0.65      0.69      0.67       126
         14       0.66      0.62      0.64       256
         15       0.91      0.92      0.92       530
         17       0.88      0.89      0.89       123

avg / total       0.90      0.90      0.90     29898
