             precision    recall  f1-score   support

          1       0.98      0.98      0.98     16116
          2       0.83      0.90      0.86      2367
          3       0.92      0.95      0.94     25011
          4       0.77      0.51      0.61      1041
          5       0.82      0.90      0.86     39796
          6       0.93      0.97      0.95     24841
          7       0.87      0.86      0.87       899
          8       0.81      0.68      0.74      7931
          9       0.90      0.82      0.86     44440
         10       0.92      0.94      0.93     20503
         11       0.90      0.91      0.91      7927
         12       0.91      0.97      0.94      9059
         13       0.77      0.91      0.83     32783
         14       0.95      0.98      0.96      3013
         15       0.78      0.73      0.76      1837
         16       0.91      0.93      0.92     17170
         17       0.98      0.97      0.97      2113
         18       0.81      0.76      0.78       435
         19       0.98      0.99      0.99      5424
         20       0.67      0.60      0.63       640
         21       0.75      0.56      0.64       349
         22       0.91      0.94      0.93       319
         23       0.54      0.24      0.34       233
         24       0.89      0.85      0.87       690
         25       0.87      0.58      0.70      1848
         26       0.95      0.95      0.95      4901
         27       0.97      0.98      0.97      3131
         28       0.58      0.45      0.50       139
         29       0.96      0.95      0.95       987
         30       0.88      0.87      0.88       694
         31       0.86      0.85      0.85      1236
         32       0.72      0.33      0.45      1935
         33       0.60      0.60      0.60       215
         34       0.84      0.86      0.85      2553
         35       0.94      0.94      0.94      1861
         36       0.93      0.84      0.88       295
         37       0.94      0.95      0.95      2148
         38       0.99      0.87      0.92        90
         39       0.46      0.16      0.24      6849
         40       0.80      0.75      0.77      1063
         41       0.85      0.94      0.89      1251
         42       0.83      0.86      0.84      1487
         43       0.83      0.83      0.83       144
         44       0.90      0.84      0.87       614
         45       0.83      0.79      0.81       813
         46       0.91      0.92      0.92       568
         47       0.24      0.04      0.07       117
         48       0.79      0.80      0.79       119
         49       0.92      0.90      0.91       672
         50       0.81      0.81      0.81       217
         51       0.57      0.51      0.54       463
         52       0.69      0.58      0.63       171
         53       0.91      0.86      0.89      1540
         54       0.90      0.87      0.88       717
         55       0.57      0.20      0.29       627
         56       0.93      0.57      0.70        92
         57       0.91      0.76      0.83       188
         58       0.93      0.93      0.93       139
         59       0.00      0.00      0.00         7
         60       1.00      0.03      0.05        38
         61       0.60      0.51      0.55        55
         62       0.62      0.40      0.49       110
         63       0.25      0.11      0.15        38
         64       0.81      0.64      0.72       383
         65       0.91      0.84      0.87       164
         66       0.21      0.11      0.15        35
         67       0.94      0.73      0.82        64
         68       0.50      0.07      0.13        27
         69       0.74      0.61      0.67       150
         70       0.14      0.03      0.06        29
         71       0.52      0.50      0.51        24
         72       0.00      0.00      0.00         2
         73       0.80      0.51      0.62        87
         74       0.00      0.00      0.00         3
         75       0.91      0.76      0.83        78
         76       0.87      0.66      0.75        98
         77       0.85      0.57      0.68        72
         78       0.86      0.79      0.83        39
         79       0.00      0.00      0.00         4
         80       0.95      0.92      0.93        76
         81       0.83      1.00      0.91        29
         82       0.00      0.00      0.00         8
         83       1.00      0.20      0.33         5
         84       0.79      1.00      0.88        22
         85       0.00      0.00      0.00         2
         86       0.54      0.47      0.50        32
         87       0.17      0.08      0.11        13
         88       0.00      0.00      0.00         2
         89       1.00      0.42      0.59        12
         90       0.96      0.86      0.91        28
         91       0.00      0.00      0.00         2
         92       0.00      0.00      0.00         2
         93       0.38      0.09      0.15        32
         94       0.00      0.00      0.00         1
         95       0.00      0.00      0.00         2
         96       0.75      0.21      0.33        14
         97       0.67      0.36      0.47        11
         99       0.00      0.00      0.00         2
        100       0.00      0.00      0.00         1
        101       0.00      0.00      0.00         2
        102       0.00      0.00      0.00         2
        104       1.00      0.40      0.57         5
        105       0.50      0.20      0.29         5
        107       1.00      0.14      0.25         7
        108       0.00      0.00      0.00         1
        110       1.00      0.67      0.80         3
        112       0.00      0.00      0.00         1
        113       1.00      1.00      1.00         1
        114       0.00      0.00      0.00         1
        117       0.88      0.86      0.87       780
        118       0.94      0.50      0.65        34

avg / total       0.87      0.88      0.87    307466
