             precision    recall  f1-score   support

          1       0.98      0.99      0.99     31410
          2       0.98      0.97      0.97      1906
          3       0.93      0.90      0.91      1618
          4       0.92      0.81      0.87        75
          5       0.91      0.86      0.89       299
          6       0.98      0.96      0.97      1103
          7       0.89      0.84      0.86       106
          8       0.91      0.71      0.80       270
          9       0.88      0.80      0.84       825
         10       0.84      0.82      0.83       681
         11       0.96      0.95      0.95       241
         12       0.93      0.86      0.90       247
         13       0.92      0.88      0.90       196
         14       0.70      0.69      0.69       354
         15       0.90      0.83      0.86       122
         18       0.82      0.67      0.74       147
         19       0.95      0.90      0.92       125
         20       0.97      0.93      0.95       348
         21       0.96      0.89      0.92       150
         22       0.95      0.92      0.94        88

avg / total       0.97      0.97      0.97     40311
