             precision    recall  f1-score   support

          1       0.93      0.94      0.93      2291
          2       0.83      0.89      0.86      9041
          3       0.77      0.50      0.61      1736
          5       0.98      0.94      0.96      1251
          6       0.56      0.57      0.56       210
          7       0.91      0.94      0.93      3710
          8       0.65      0.68      0.66       271
          9       0.67      0.44      0.53       367
         10       0.75      0.78      0.76       495
         12       0.66      0.76      0.71       157
         13       0.64      0.56      0.59       223
         14       0.82      0.67      0.74        76

avg / total       0.85      0.85      0.85     19828
