             precision    recall  f1-score   support

          1       0.82      0.86      0.84      8482
          2       0.99      0.99      0.99     11082
          3       0.95      0.96      0.96      5299
          4       0.59      0.48      0.53      2169
          5       0.99      0.98      0.98      3082
          6       0.94      0.89      0.91       921
          7       0.91      0.91      0.91      1410
          8       0.86      0.88      0.87       921
          9       0.95      0.89      0.92       169

avg / total       0.91      0.91      0.91     33535
