             precision    recall  f1-score   support

          1       0.99      0.99      0.99     30864
          2       0.91      0.94      0.92     14478
          3       0.93      0.91      0.92       913
          4       0.92      0.95      0.93     19490
          5       0.96      0.95      0.95       993
          6       0.97      0.97      0.97      6866
          7       0.96      0.95      0.95      2675
          8       0.88      0.83      0.85       823
          9       0.96      0.95      0.96      1071
         10       0.82      0.82      0.82       885
         11       0.79      0.69      0.74       446
         12       0.96      0.94      0.95       495
         13       0.87      0.78      0.82      1066
         14       0.88      0.63      0.73        78
         15       0.68      0.53      0.59        40
         16       0.90      0.68      0.78        28
         17       0.96      1.00      0.98        68
         18       0.94      0.81      0.87        36
         19       0.89      0.88      0.89       181
         20       0.90      0.71      0.79      3712
         21       0.87      0.77      0.82      1239
         22       0.82      0.38      0.52        86
         23       0.92      0.90      0.91      1895
         24       0.85      0.75      0.80       321

avg / total       0.94      0.94      0.94     88749
