             precision    recall  f1-score   support

          1       0.75      0.43      0.55       161
          2       0.86      0.88      0.87      1459
          3       0.91      0.95      0.93      1717
          4       0.67      0.71      0.69       756
          5       0.68      0.52      0.59       361
          6       0.00      0.00      0.00        15
          7       0.79      0.85      0.82       193
          8       0.80      0.80      0.80       234
          9       0.82      0.77      0.79       242
         10       0.66      0.66      0.66       198

avg / total       0.81      0.82      0.82      5336
