             precision    recall  f1-score   support

          1       1.00      0.99      1.00      4783
          2       0.89      0.80      0.85       127
          3       0.95      0.91      0.93       155
          4       0.96      0.94      0.95        68
          5       0.89      0.97      0.93      1227
          6       0.74      0.71      0.73       243
          7       0.94      0.79      0.86       116
          8       0.97      0.93      0.95       203
          9       0.93      0.79      0.85       142
         10       0.90      0.84      0.87       128
         11       1.00      0.97      0.99        69
         12       0.65      0.62      0.63       123
         26       0.93      0.95      0.94        92

avg / total       0.96      0.96      0.96      7476
