             precision    recall  f1-score   support

          1       0.98      0.94      0.96      1374
          2       0.93      0.92      0.93      1275
          3       0.99      0.99      0.99      6046
          4       0.86      0.95      0.90      2359
          5       0.88      0.85      0.87       661
          6       0.90      0.75      0.82       296
          7       0.90      0.64      0.75        73
          9       0.86      0.37      0.52        99
         10       0.88      0.77      0.82       275
         11       0.97      0.95      0.96       186

avg / total       0.95      0.95      0.95     12644
