             precision    recall  f1-score   support

          1       0.97      0.95      0.96     12606
          2       0.83      0.78      0.80      2228
          3       0.86      0.86      0.86      5720
          4       0.82      0.91      0.87      6967
          5       0.86      0.80      0.83       972
          6       0.80      0.67      0.73      1778
          7       0.95      0.97      0.96       675
          8       0.86      0.81      0.84       550

avg / total       0.89      0.89      0.89     31496
