             precision    recall  f1-score   support

          1       0.99      0.97      0.98      1713
          2       0.98      0.98      0.98      5423
          3       0.93      0.95      0.94      2333
          4       0.93      0.93      0.93      1196
          5       0.83      0.91      0.87      2438
          6       0.99      0.95      0.97       173
          7       0.64      0.49      0.56       397
          8       0.93      0.82      0.87        62
          9       0.72      0.46      0.56       296
         10       0.81      0.79      0.80       347
         11       1.00      0.50      0.67         4
         12       0.71      0.81      0.76       119
         13       0.86      0.65      0.74        48
         14       0.38      0.25      0.30        32
         15       1.00      0.67      0.80         3
         16       0.67      0.33      0.45       117
         17       0.77      0.40      0.53        25
         18       0.53      0.36      0.43        25
         22       0.85      0.84      0.85       823

avg / total       0.91      0.92      0.91     15574
