             precision    recall  f1-score   support

          1       0.98      0.99      0.98      9414
          2       0.91      0.91      0.91      1194
          3       0.96      0.88      0.92       243
          4       0.90      0.87      0.88       149
          5       0.98      0.97      0.98      1799
          6       0.91      0.90      0.91       923
          8       0.57      0.68      0.62       201
          9       0.66      0.54      0.59       335
         11       0.75      0.57      0.65       179
         12       0.91      0.98      0.94       129

avg / total       0.95      0.95      0.95     14566
