             precision    recall  f1-score   support

          1       0.59      0.38      0.46       318
          2       0.91      0.95      0.93     27756
          3       0.88      0.93      0.90      5499
          4       0.53      0.62      0.57      9373
          5       0.71      0.64      0.67     15999
          6       0.50      0.24      0.33      1758
          7       0.71      0.69      0.70       131
          8       0.52      0.37      0.43       260
          9       0.74      0.80      0.77      5693
         10       0.56      0.55      0.56       338
         11       0.41      0.36      0.38      5793
         12       0.59      0.40      0.48        25
         13       0.71      0.66      0.69       283
         14       0.91      0.93      0.92       330
         15       0.78      0.83      0.81      1997
         16       0.41      0.23      0.29        93
         17       0.70      0.62      0.66       209
         18       0.35      0.33      0.34        78
         19       0.68      0.71      0.70       266
         20       0.66      0.60      0.63       295
         21       0.56      0.61      0.58        54
         22       0.62      0.64      0.63        39
         23       0.75      0.60      0.67         5
         24       1.00      0.80      0.89         5
         25       0.87      0.76      0.81        68
         26       0.64      0.49      0.56        85
         27       0.50      0.27      0.35        15
         28       0.70      0.53      0.60        90
         29       0.38      0.25      0.30        59
         30       0.86      0.88      0.87        34
         32       0.00      0.00      0.00         2
         33       1.00      0.80      0.89         5
         46       0.56      0.83      0.67         6

avg / total       0.75      0.75      0.75     76961
