             precision    recall  f1-score   support

          1       1.00      1.00      1.00      1209
          2       0.94      0.91      0.92       336
          3       0.97      0.97      0.97       865
          4       0.94      0.94      0.94       174
          6       0.97      0.99      0.98       606
          8       0.81      0.75      0.78        79
         10       0.95      0.94      0.95       302
         11       0.88      0.92      0.90       355
         12       0.95      0.94      0.94       108
         13       0.92      0.93      0.93       195

avg / total       0.96      0.96      0.96      4229
