             precision    recall  f1-score   support

          1       0.92      0.90      0.91      1647
          3       0.94      0.97      0.95      3136
          4       0.95      0.89      0.92       103
          5       0.74      0.68      0.71        75
          6       0.97      0.95      0.96       903
          7       0.91      0.85      0.88       125
          9       0.94      0.92      0.93        78
         14       0.91      0.79      0.85        77

avg / total       0.94      0.94      0.94      6144
