             precision    recall  f1-score   support

          1       0.47      0.31      0.37       117
          2       0.83      0.66      0.73       219
          3       0.85      0.88      0.86      1860
          4       0.91      0.90      0.91       834
          5       0.98      0.96      0.97        55
          6       0.90      0.90      0.90        98
          7       0.97      0.89      0.93      2450
          8       0.81      0.67      0.73        51
          9       0.46      0.52      0.49       107
         10       0.81      0.93      0.87        14
         11       0.98      0.99      0.99       446
         12       0.92      0.97      0.94      2736
         13       0.99      0.99      0.99       305
         14       0.94      0.96      0.95       529
         15       0.90      0.97      0.93       553

avg / total       0.91      0.91      0.91     10374
