             precision    recall  f1-score   support

          1       0.98      0.97      0.97       332
          2       0.89      0.92      0.91       101
          3       0.93      0.97      0.95       469
          4       0.91      0.93      0.92       216
          6       0.84      0.87      0.85       374
          7       0.68      0.68      0.68       296
          8       0.92      0.73      0.81        81
          9       0.91      0.87      0.89       108
         11       0.84      0.78      0.81       212

avg / total       0.87      0.87      0.87      2189
