             precision    recall  f1-score   support

          1       0.95      0.99      0.97      5644
          2       0.90      0.59      0.71       674
          3       1.00      1.00      1.00      2604
          4       0.79      0.92      0.85      3160
          5       0.99      1.00      0.99      1686
          6       0.76      0.52      0.61      1522
          7       0.97      0.97      0.97       498
          8       0.97      0.98      0.97       487
          9       0.96      0.95      0.96       707
         10       0.91      0.91      0.91       217
         11       0.99      1.00      1.00       198

avg / total       0.92      0.92      0.91     17397
