             precision    recall  f1-score   support

          1       0.90      0.77      0.83      8439
          2       0.92      0.96      0.94     43934
          3       0.86      0.90      0.88     13864
          4       0.90      0.89      0.90     22314
          5       0.97      0.98      0.97     20088
          6       0.89      0.85      0.87     15415
          7       0.94      0.87      0.91     13302
          8       0.85      0.83      0.84       576

avg / total       0.91      0.91      0.91    137932
