             precision    recall  f1-score   support

          1       0.98      0.99      0.98       942
          2       1.00      0.97      0.98       528
          3       0.96      0.98      0.97       792
          4       0.87      0.88      0.87       188
          5       0.95      0.95      0.95       222
          6       0.91      0.84      0.88       153
          7       0.98      0.99      0.98       214
         11       0.94      0.95      0.94       432

avg / total       0.96      0.96      0.96      3471
