             precision    recall  f1-score   support

          1       0.81      0.80      0.80      1008
          2       0.99      0.98      0.99      3374
          3       0.99      0.96      0.98       188
          4       0.96      0.99      0.98      5233
          5       0.99      0.98      0.99      1280
          6       0.90      0.86      0.88       487
          7       0.99      0.96      0.97      2614
          8       0.90      0.94      0.92      1279
          9       0.94      0.88      0.91       498
         10       0.86      0.81      0.83       272
         11       0.85      0.88      0.87       595
         12       0.93      0.95      0.94       261
         13       0.93      0.94      0.94        54
         14       0.86      0.70      0.77       301
         15       0.73      0.38      0.50        21
         16       0.86      0.83      0.85       632
         17       0.98      0.90      0.94        99
         18       0.94      0.87      0.91       165
         19       0.89      0.93      0.91       321
         20       1.00      0.95      0.97        56
         21       0.60      0.23      0.33        13
         22       1.00      1.00      1.00        60
         23       1.00      0.83      0.91        12
         24       0.87      0.72      0.79        18
         25       0.00      0.00      0.00         1
         26       0.00      0.00      0.00         1
         27       0.93      0.81      0.87       124
         28       0.93      0.98      0.95       210
         29       0.98      1.00      0.99       764
         30       0.97      1.00      0.98       450
         31       0.87      0.93      0.90       138
         32       0.91      0.95      0.93       811
         33       0.96      0.99      0.98       533
         34       0.68      0.38      0.49        45
         35       0.97      0.97      0.97       155
         36       0.95      0.87      0.91        79

avg / total       0.94      0.95      0.94     22152
