             precision    recall  f1-score   support

          1       0.84      0.90      0.87       498
          2       0.91      0.94      0.92       395
          3       0.64      0.69      0.66       108
          4       0.86      0.86      0.86       521
          5       0.74      0.87      0.80       113
          7       0.68      0.46      0.55       286
          8       0.94      0.96      0.95       208
          9       0.80      0.86      0.83       260

avg / total       0.83      0.83      0.83      2389
