             precision    recall  f1-score   support

          1       0.82      0.85      0.84      1467
          2       0.88      0.94      0.91      3274
          3       0.96      0.98      0.97     33691
          4       0.69      0.64      0.66      1205
          5       1.00      1.00      1.00      1925
          6       0.80      0.76      0.78      4733
          7       0.99      0.99      0.99      7367
          8       0.84      0.84      0.84      8933
          9       0.92      0.90      0.91       762
         10       0.92      0.87      0.90      2893
         11       0.76      0.78      0.77       660
         12       0.89      0.89      0.89       361
         13       0.82      0.88      0.85      6657
         14       0.96      0.98      0.97      2275
         15       0.96      0.92      0.94      1962
         16       0.89      0.92      0.90      1306
         17       0.65      0.36      0.46       143
         18       0.82      0.81      0.82       500
         19       0.83      0.84      0.83      2068
         20       0.90      0.91      0.91      1796
         21       0.96      0.98      0.97      2624
         22       0.91      0.53      0.67       363
         23       0.99      0.98      0.98      1169
         24       0.90      0.90      0.90      1238
         25       0.94      0.94      0.94      1570
         26       0.99      0.98      0.98       628
         27       0.57      0.13      0.21        95
         28       0.98      0.95      0.97      1502
         29       0.93      0.93      0.93       746
         30       0.80      0.71      0.75       275
         31       0.73      0.46      0.57       406
         32       0.39      0.05      0.09       176
         33       0.86      0.62      0.72        77
         34       0.91      0.82      0.86       224
         35       0.86      0.21      0.34       298
         36       0.70      0.46      0.56       229
         37       0.75      0.27      0.40        66
         38       0.84      0.82      0.83        90
         39       1.00      0.81      0.89        21
         40       0.50      0.50      0.50         2
         41       0.93      0.94      0.93       296
         42       0.00      0.00      0.00        12
         43       1.00      0.30      0.46        10
         44       1.00      0.14      0.25         7
         45       1.00      0.56      0.71         9
         46       0.81      0.93      0.87        14
         47       0.00      0.00      0.00         7
         48       0.00      0.00      0.00        10
         49       0.00      0.00      0.00         2
         50       1.00      1.00      1.00         2
         51       1.00      0.50      0.67         2
         52       0.00      0.00      0.00         1
         54       0.97      0.58      0.73        62
         55       1.00      0.24      0.38        17

avg / total       0.91      0.91      0.91     96228
