             precision    recall  f1-score   support

          1       0.82      0.87      0.84       136
          2       0.96      0.97      0.97      5816
          3       0.91      1.00      0.95        30
          4       0.85      0.85      0.85       549
          5       0.84      0.73      0.78       602
          6       0.95      0.94      0.95      5721
          7       0.93      0.95      0.94      2749
          8       0.95      0.94      0.94      4079
          9       0.78      0.83      0.80       307
         10       0.89      0.92      0.91      5439
         11       0.94      0.95      0.95       107
         12       0.95      0.93      0.94      2175
         13       0.80      0.71      0.75      1691
         14       0.88      0.93      0.91      8244
         15       0.84      0.91      0.87      3426
         16       0.93      0.97      0.95      5284
         17       0.96      0.95      0.95      3525
         18       0.97      0.97      0.97      4089
         19       0.96      0.98      0.97       402
         20       0.83      0.85      0.84       708
         21       0.88      0.91      0.90      1554
         22       0.91      0.93      0.92      1305
         23       0.66      0.64      0.65       176
         24       0.85      0.83      0.84       115
         25       0.89      0.92      0.91       739
         26       0.92      0.93      0.92      1179
         27       0.92      0.83      0.87       271
         28       0.98      0.97      0.97       852
         29       0.80      0.90      0.85       267
         30       0.78      0.71      0.74        76
         31       0.75      0.63      0.68       783
         32       0.76      0.75      0.76       341
         33       0.95      0.94      0.94       488
         34       0.87      0.88      0.88      3318
         35       0.68      0.60      0.64       787
         36       0.86      0.82      0.84       706
         37       0.92      0.97      0.95       529
         38       0.96      0.96      0.96       474
         39       0.63      0.58      0.61       431
         40       0.87      0.93      0.90      4403
         41       0.95      0.91      0.93       628
         42       0.94      0.95      0.95      1076
         43       0.84      0.92      0.88       551
         44       0.73      0.62      0.67       312
         45       0.76      0.65      0.70       326
         46       0.96      0.96      0.96       809
         47       0.71      0.35      0.47        98
         48       0.55      0.40      0.46       105
         49       0.98      0.97      0.97       599
         50       0.88      0.96      0.92      1040
         51       0.94      0.98      0.96       356
         52       0.77      0.80      0.78       774
         53       0.89      0.94      0.92       659
         54       0.81      0.82      0.81       519
         55       0.88      0.83      0.86       377
         56       0.88      0.89      0.88      1701
         57       0.78      0.31      0.44       202
         58       0.73      0.69      0.71       113
         59       0.97      1.00      0.98       424
         60       0.94      0.91      0.92       258
         61       0.79      0.89      0.84       240
         62       0.93      0.95      0.94      1137
         63       0.89      0.87      0.88       221
         64       0.88      0.94      0.91       692
         65       0.82      0.90      0.86       340
         66       0.83      0.76      0.80       274
         67       0.76      0.83      0.79       131
         68       0.96      0.95      0.96       649
         69       0.90      0.89      0.90      2632
         70       0.94      0.94      0.94       675
         71       0.93      0.88      0.90       372
         72       0.79      0.67      0.73       138
         73       0.86      0.89      0.88       114
         74       0.82      0.97      0.89       300
         75       0.85      0.94      0.89       431
         76       0.83      0.88      0.85        81
         77       0.80      0.82      0.81        68
         78       0.79      0.77      0.78       613
         79       0.91      0.84      0.88       884
         80       0.59      0.65      0.62        26
         81       0.89      0.85      0.87       257
         82       1.00      0.92      0.96        37
         83       0.86      0.75      0.80       120
         84       0.86      0.76      0.81       430
         85       0.96      0.92      0.94        71
         86       0.78      0.81      0.80       154
         87       0.93      0.71      0.81        38
         88       0.76      0.58      0.66       398
         89       0.84      0.59      0.69       518
         90       0.79      0.74      0.76       261
         91       0.93      0.95      0.94       219
         92       0.78      0.94      0.86       226
         93       0.76      0.68      0.72       497
         94       0.77      0.32      0.45        76
         95       0.80      0.85      0.82       135
         96       0.96      0.96      0.96        51
         97       0.77      0.81      0.79       297
         98       0.66      0.43      0.52       101
        100       0.75      0.80      0.78       522
        101       0.75      0.66      0.70       169
        102       0.97      0.91      0.94        32
        103       0.88      0.92      0.90       378
        104       0.73      0.74      0.74       224
        105       0.74      0.68      0.71       185
        106       0.86      0.53      0.66       105
        107       0.77      0.37      0.50        27
        108       0.55      0.30      0.39        93
        109       0.91      0.67      0.77        15
        110       0.94      0.92      0.93        52
        111       0.71      0.71      0.71       221
        112       0.96      0.96      0.96        28
        113       1.00      1.00      1.00         9
        115       0.83      0.65      0.73       133
        116       0.68      0.39      0.49        44
        117       0.83      0.83      0.83       161
        118       0.61      0.32      0.42       139
        119       0.83      0.84      0.84        83
        120       0.85      0.80      0.82        44
        121       0.56      0.51      0.53        92
        122       0.69      0.38      0.49        48
        123       0.60      0.37      0.46        49
        124       0.92      0.92      0.92       158
        125       0.78      0.37      0.50        19
        126       0.76      0.81      0.79        16
        127       0.90      0.93      0.91       108
        128       0.78      0.84      0.81       107
        129       0.67      0.21      0.32        19
        130       0.77      0.59      0.67        85
        131       0.91      0.72      0.80        93
        132       0.76      0.76      0.76        87
        133       0.91      0.96      0.93        80
        134       0.91      0.94      0.93       354
        135       0.50      0.09      0.15        11
        136       0.64      0.56      0.60        52
        138       0.88      0.12      0.21        58
        139       0.88      0.79      0.83        38
        140       0.00      0.00      0.00        13
        141       0.50      0.28      0.36        69
        142       0.89      0.89      0.89        27
        143       0.72      0.62      0.67        88
        144       0.39      0.33      0.36        87
        145       0.62      0.50      0.56        10
        146       0.50      0.43      0.46        79
        147       1.00      0.78      0.88         9
        148       0.58      0.41      0.48        27
        150       0.64      0.50      0.56        28
        152       0.76      0.40      0.53        47
        153       0.77      0.90      0.83        70
        154       1.00      0.80      0.89        40
        155       0.87      0.96      0.91        69
        156       0.80      0.40      0.53        20
        157       0.68      0.80      0.73        76
        158       0.00      0.00      0.00         8
        161       0.50      0.33      0.40        49
        163       0.63      0.73      0.68        26
        164       0.71      0.32      0.44        37
        165       1.00      0.87      0.93        15
        166       1.00      0.65      0.79        17
        167       0.83      0.48      0.61        62
        168       0.68      0.95      0.79        44
        170       0.55      0.26      0.35        23
        172       0.00      0.00      0.00        13
        173       0.77      0.87      0.82        47
        174       0.67      0.36      0.47        11
        175       1.00      0.97      0.98        32
        176       0.88      1.00      0.93         7
        177       0.78      0.70      0.74        10
        178       0.77      0.62      0.69        32
        179       0.62      0.48      0.54        21
        180       0.92      0.86      0.89        14
        185       1.00      0.06      0.11        33
        186       0.71      0.85      0.77        20
        187       0.71      0.68      0.70        22
        189       0.70      0.39      0.50        36
        190       1.00      0.33      0.50        12
        191       0.90      0.60      0.72        15
        192       0.73      0.85      0.79        26
        193       1.00      0.64      0.78        11
        196       0.67      0.29      0.40        14
        197       1.00      0.12      0.22         8
        204       1.00      1.00      1.00         8
        206       0.81      0.68      0.74        19
        210       0.56      0.34      0.43        29
        216       0.67      0.86      0.75         7
        218       0.81      0.93      0.87        14
        219       1.00      0.07      0.12        15
        220       1.00      0.12      0.22         8
        224       0.67      0.20      0.31        10
        226       0.64      0.47      0.55        19
        232       1.00      0.22      0.36         9
        234       0.00      0.00      0.00        23
        235       0.00      0.00      0.00        10
        244       0.67      0.33      0.44        12
        261       0.00      0.00      0.00         8
        276       0.67      0.57      0.62         7

avg / total       0.89      0.89      0.89    104464
