             precision    recall  f1-score   support

          1       0.87      0.89      0.88      2924
          2       0.81      0.86      0.84      1845
          3       0.98      0.98      0.98     12553
          4       0.86      0.85      0.85      3185
          5       0.81      0.74      0.77       928
          6       0.91      0.89      0.90       199
          7       0.86      0.72      0.78        25
          8       0.75      0.54      0.63       182
          9       0.98      0.94      0.96       888
         10       0.95      0.94      0.95      5459

avg / total       0.93      0.93      0.93     28188
