             precision    recall  f1-score   support

          1       0.80      0.78      0.79       886
          2       0.83      0.86      0.84      1331
          3       0.39      0.07      0.11       136
          4       0.96      0.96      0.96       916
          5       0.99      0.99      0.99      2523
          6       0.95      0.95      0.95      6717
          7       0.97      0.95      0.96       196
          8       0.86      0.91      0.88      1226
          9       0.79      0.77      0.78       289
         10       1.00      1.00      1.00       265

avg / total       0.92      0.93      0.92     14485
