             precision    recall  f1-score   support

          1       0.93      0.95      0.94      9666
          2       0.98      0.96      0.97      3798
          3       0.89      0.82      0.85      9044
          4       0.67      0.83      0.74      3166
          5       0.93      0.89      0.91       674
          6       0.89      0.83      0.86      1291
          7       0.91      0.91      0.91       278
          8       0.92      0.77      0.84        99
          9       0.00      0.00      0.00         3
         10       0.92      0.89      0.90       285
         11       0.92      0.90      0.91      3894
         12       0.90      0.67      0.77        27

avg / total       0.90      0.89      0.89     32225
