             precision    recall  f1-score   support

          1       1.00      0.90      0.95        29
          2       0.95      0.83      0.88       105
          3       0.95      0.99      0.97       821
          4       0.94      0.94      0.94        96
          5       0.96      0.96      0.96       209
          6       0.92      0.75      0.83        16
          7       0.88      0.91      0.89        32
          8       0.70      0.81      0.75        53
          9       0.79      0.79      0.79        19
         10       0.65      0.52      0.58        21
         11       0.88      0.61      0.72        23
         12       0.50      0.21      0.30        14
         13       0.00      0.00      0.00         3
         14       0.00      0.00      0.00         1
         15       0.00      0.00      0.00         1
         16       0.00      0.00      0.00         1
         17       0.57      0.56      0.57        41

avg / total       0.91      0.92      0.91      1485
