             precision    recall  f1-score   support

          1       0.87      0.90      0.88     17164
          2       0.86      0.90      0.88     25826
          3       0.80      0.75      0.77      4582
          4       0.79      0.76      0.78      3403
          5       0.87      0.81      0.84       795
          6       0.74      0.73      0.74      4494
          7       0.84      0.76      0.80      1581
          8       0.98      0.96      0.97      1345
          9       0.97      0.99      0.98      1240
         10       0.77      0.54      0.63       446
         11       0.79      0.70      0.74      2603
         12       0.79      0.76      0.77       999
         13       0.85      0.85      0.85       900
         14       0.80      0.77      0.79      1232
         15       0.82      0.60      0.70      2423
         16       0.82      0.73      0.77       502
         17       0.75      0.73      0.74       830
         18       0.94      0.93      0.93      1727
         19       0.80      0.58      0.67       676
         20       0.35      0.37      0.36        60
         21       0.73      0.58      0.65       638
         22       0.77      0.60      0.67       166
         23       0.50      0.22      0.31         9
         24       0.71      0.64      0.67        88
         25       0.67      0.29      0.40         7
         27       0.43      0.60      0.50        77
         28       0.72      0.70      0.71        87
         29       0.76      0.90      0.82      1042
         30       0.77      0.48      0.59        21
         31       0.63      0.72      0.67       196
         32       0.38      0.75      0.50       112
         33       0.56      0.75      0.64       291

avg / total       0.84      0.84      0.84     75562
