             precision    recall  f1-score   support

          1       0.94      0.97      0.95     13054
          2       0.83      0.84      0.83      1434
          3       0.97      0.99      0.98     24014
          4       0.86      0.88      0.87       958
          5       0.93      0.93      0.93      4255
          6       0.93      0.97      0.95      6982
          7       0.89      0.86      0.88      1872
          8       0.89      0.95      0.92      3212
          9       0.94      0.95      0.94      2528
         10       0.89      0.92      0.91      2006
         11       0.80      0.83      0.82      1281
         12       0.70      0.57      0.63      1311
         13       0.87      0.86      0.86      1952
         14       0.78      0.81      0.79       599
         15       0.80      0.63      0.71        76
         16       0.75      0.23      0.35        13
         17       0.61      0.58      0.59        19
         18       0.90      0.57      0.70       181
         19       0.80      0.58      0.67       297
         20       0.78      0.30      0.43        97
         21       0.86      0.89      0.87       114
         22       0.72      0.58      0.65       440
         23       0.25      0.11      0.15       157
         24       0.85      0.56      0.68       119
         25       0.71      0.50      0.59       445
         26       0.84      0.54      0.66       337
         27       0.82      0.74      0.78        92
         28       0.57      0.53      0.55       262
         29       0.76      0.35      0.48       171
         30       0.79      0.76      0.77       248
         31       0.69      0.37      0.49        67
         32       0.90      0.69      0.78       219
         33       0.86      0.55      0.67       165
         34       0.79      0.54      0.64        70

avg / total       0.92      0.93      0.92     69047
