             precision    recall  f1-score   support

          1       0.92      0.96      0.94     76572
          2       0.99      0.99      0.99     48790
          3       0.94      0.93      0.93     33295
          4       0.97      0.98      0.98     30515
          5       0.88      0.77      0.82      8455
          6       0.92      0.93      0.92     16697
          7       0.92      0.75      0.83      2582
          8       0.92      0.93      0.93      7979
          9       0.97      0.96      0.96     19310
         10       0.90      0.89      0.90      1656
         11       0.86      0.82      0.84       733
         12       0.95      0.86      0.90      1064
         13       0.97      0.97      0.97      4687
         14       0.88      0.90      0.89      8161
         15       0.93      0.92      0.92      2192
         16       0.59      0.42      0.49       302
         17       0.87      0.80      0.84      2702
         18       0.81      0.65      0.72      3082
         19       0.82      0.67      0.74       886
         20       0.79      0.67      0.73       673
         21       0.96      0.95      0.95      3194
         22       0.90      0.80      0.85       576
         23       0.92      0.84      0.88       725
         24       0.97      0.94      0.96      2722
         25       0.96      0.97      0.97      1130
         26       0.89      0.88      0.89       137
         27       0.78      0.28      0.41       103
         28       0.35      0.36      0.36        47
         29       0.86      0.67      0.75         9
         30       0.96      0.98      0.97     14371
         31       0.92      0.95      0.94      7772
         32       0.78      0.78      0.78        23
         33       0.45      0.28      0.35        60
         34       0.25      0.07      0.11       103
         35       0.95      0.96      0.96       139
         36       0.70      0.74      0.72      1499
         37       0.80      0.07      0.13        55
         38       0.57      0.14      0.23        28
         39       0.93      0.99      0.96       162
         40       0.84      0.65      0.73       227
         41       0.71      0.71      0.71        48
         42       0.96      0.90      0.93        89
         43       0.46      0.47      0.46       382
         44       0.44      0.43      0.44       431
         45       0.91      0.95      0.93      5226
         46       0.40      0.05      0.09        38
         47       1.00      0.48      0.65        25
         48       0.50      0.03      0.05        38
         49       0.55      0.29      0.38       201
         50       0.98      0.97      0.97      2167
         51       0.57      0.26      0.35       168
         52       0.42      0.18      0.26       104
         53       0.90      0.92      0.91      2437
         54       0.92      0.92      0.92       944
         55       0.86      0.73      0.79      1494
         56       0.96      0.85      0.90        65
         57       0.69      0.44      0.54      5961
         58       0.71      0.12      0.21        40
         59       0.87      0.74      0.80      2951
         60       0.48      0.20      0.29       256
         61       0.51      0.17      0.26       398
         62       0.80      0.91      0.85     24554
         63       0.86      0.85      0.86       880
         64       0.86      0.69      0.77      2441
         65       0.92      0.92      0.92      2804
         66       0.89      0.85      0.87      2674

avg / total       0.92      0.92      0.92    360231
