             precision    recall  f1-score   support

          2       0.88      0.90      0.89       992
          3       0.90      0.97      0.93      2538
          4       0.95      0.88      0.91       603
          5       0.93      0.86      0.89       359
          6       0.84      0.69      0.76       114
         10       0.76      0.39      0.51       186
         12       0.77      0.72      0.74       123
         13       0.79      0.62      0.69        78
         16       0.78      0.71      0.74        93
         19       0.84      0.84      0.84        94

avg / total       0.89      0.89      0.89      5180
