             precision    recall  f1-score   support

          1       0.74      0.79      0.77     10421
          2       0.83      0.84      0.84      1720
          3       0.69      0.67      0.68      6523
          4       0.83      0.86      0.84       745
          5       0.79      0.82      0.81      2011
          6       0.76      0.77      0.76      3150
          7       0.85      0.76      0.80      1329
          8       0.56      0.28      0.37      1048

avg / total       0.74      0.75      0.74     26947
