             precision    recall  f1-score   support

          1       0.80      0.86      0.83     29296
          2       0.79      0.79      0.79     11531
          3       0.84      0.81      0.82      7427
          4       0.58      0.14      0.22      1049
          5       0.65      0.48      0.55      1410
          6       0.59      0.26      0.36       576
          7       0.59      0.25      0.35       450
          9       0.50      0.30      0.37       259
         10       0.40      0.05      0.08       171

avg / total       0.79      0.80      0.79     52169
