             precision    recall  f1-score   support

          1       0.82      0.82      0.82     17957
          2       0.82      0.86      0.84      2586
          3       0.61      0.63      0.62       273
          4       0.61      0.52      0.56       416
          5       0.79      0.75      0.77      1607
          6       0.91      0.91      0.91      1359
          7       0.97      0.95      0.96      4857
          8       0.89      0.86      0.87       446
          9       0.86      0.90      0.88      3526
         10       0.81      0.87      0.84      3084
         11       0.85      0.93      0.89      5145
         12       0.80      0.84      0.82       719
         13       0.80      0.78      0.79      1217
         14       0.76      0.77      0.77      3502
         15       0.93      0.92      0.93      1840
         16       0.82      0.75      0.79       702
         17       0.53      0.56      0.55       518
         18       0.89      0.94      0.91      3599
         19       0.64      0.36      0.46       272
         20       0.66      0.74      0.70       156
         21       0.86      0.89      0.88       723
         22       0.83      0.59      0.69       179
         23       0.84      0.87      0.86      1288
         24       0.61      0.33      0.43       470
         25       0.80      0.71      0.75       902
         26       0.46      0.53      0.49       117
         27       0.91      0.95      0.93      1416
         28       0.60      0.52      0.56       222
         29       0.79      0.48      0.59       415
         30       0.65      0.69      0.67       196
         31       0.25      0.25      0.25         4
         32       0.79      0.86      0.82       223
         33       0.42      0.22      0.29       212
         34       0.76      0.52      0.62        25
         35       0.69      0.38      0.49       353
         36       1.00      0.57      0.72        44
         37       0.76      0.76      0.76        95
         38       0.77      0.80      0.78       130
         39       0.67      0.26      0.37        39
         40       0.54      0.49      0.51        45
         41       0.67      0.34      0.45        35
         42       0.85      0.72      0.78        39
         43       0.49      0.30      0.37        57
         44       0.65      0.44      0.52        75
         45       0.82      0.80      0.81        69
         46       0.62      0.29      0.40        17
         47       0.51      0.36      0.42       103
         48       0.00      0.00      0.00         6
         49       1.00      0.20      0.33        10
         50       1.00      0.46      0.63        13
         52       0.50      0.24      0.32        17
         53       0.00      0.00      0.00         1
         55       0.00      0.00      0.00         2
         56       0.00      0.00      0.00         1
         57       0.00      0.00      0.00         2
         58       0.00      0.00      0.00         1
         61       0.00      0.00      0.00         1
         63       0.87      0.98      0.92      3968
         64       0.91      0.98      0.94       536
         65       0.84      0.81      0.83       973
         66       0.95      0.47      0.63        40
         67       0.88      0.81      0.84      1220
         68       0.60      0.30      0.40        30
         69       0.80      0.67      0.73       358
         70       0.81      0.73      0.76       372
         71       0.78      0.74      0.76       844
         72       0.84      0.69      0.76       679
         73       0.88      0.80      0.84        55
         74       0.25      0.09      0.13        34

avg / total       0.83      0.84      0.83     70437
