             precision    recall  f1-score   support

          1       0.84      0.81      0.82       240
          2       0.94      0.96      0.95       500
          3       0.86      0.91      0.89       391
          4       0.74      0.76      0.75       123
          5       0.56      0.42      0.48        12
          6       0.56      0.76      0.65        29
          7       0.95      0.81      0.88        26
          8       0.89      0.59      0.71        29
          9       0.62      0.59      0.60        22
         10       0.75      0.81      0.78        69
         11       1.00      0.25      0.40         4
         12       0.00      0.00      0.00         3
         13       0.50      0.40      0.44         5
         14       0.00      0.00      0.00         5
         15       0.50      0.25      0.33         4
         16       0.00      0.00      0.00         3
         18       0.78      0.84      0.81       143
         19       0.64      0.45      0.53        65

avg / total       0.84      0.84      0.84      1673
