             precision    recall  f1-score   support

          1       0.99      0.99      0.99    114275
          2       0.99      0.99      0.99     31810
          3       0.97      0.99      0.98     25293
          4       0.98      0.98      0.98     14912
          5       0.96      0.87      0.91      9608
          6       0.98      0.97      0.98     14257
          7       0.97      0.99      0.98       834
          8       0.96      0.90      0.93       354
          9       0.12      0.00      0.01       344
         10       0.25      0.02      0.04        50
         11       0.62      0.45      0.53        11

avg / total       0.98      0.98      0.98    211748
