             precision    recall  f1-score   support

          1       1.00      1.00      1.00      4783
          2       0.91      0.83      0.87       126
          3       0.96      0.93      0.94       154
          4       0.98      0.87      0.92        67
          5       0.89      0.97      0.93      1226
          6       0.76      0.71      0.73       242
          7       0.95      0.80      0.87       115
          8       0.98      0.97      0.97       203
          9       0.96      0.81      0.88       142
         10       0.91      0.71      0.80       127
         11       0.99      0.97      0.98        68
         12       0.65      0.62      0.64       122
         26       0.89      0.95      0.92        92

avg / total       0.96      0.96      0.96      7467
