             precision    recall  f1-score   support

          1       0.88      0.92      0.90     17164
          2       0.87      0.90      0.88     25827
          3       0.79      0.77      0.78      4583
          4       0.80      0.77      0.78      3404
          5       0.88      0.78      0.83       796
          6       0.78      0.88      0.83      4494
          7       0.87      0.85      0.86      1581
          8       0.97      0.96      0.96      1345
          9       0.96      0.97      0.97      1240
         10       0.72      0.47      0.57       446
         11       0.80      0.70      0.75      2603
         12       0.82      0.77      0.80       999
         13       0.87      0.84      0.85       900
         14       0.81      0.81      0.81      1232
         15       0.81      0.62      0.70      2423
         16       0.84      0.73      0.78       502
         17       0.74      0.73      0.74       830
         18       0.93      0.94      0.93      1728
         19       0.82      0.56      0.66       677
         20       0.68      0.25      0.37        60
         21       0.78      0.57      0.66       638
         22       0.74      0.52      0.61       166
         23       0.40      0.22      0.29         9
         24       0.75      0.62      0.68        88
         25       0.33      0.14      0.20         7
         27       0.93      0.52      0.67        77
         28       0.87      0.61      0.72        87
         29       0.89      0.87      0.88      1043
         30       0.81      0.62      0.70        21
         31       0.89      0.63      0.74       197
         32       0.93      0.67      0.78       113
         33       0.82      0.71      0.76       291

avg / total       0.85      0.85      0.85     75571
