             precision    recall  f1-score   support

          1       0.92      0.97      0.94     10028
          2       0.99      0.99      0.99      5181
          3       0.75      0.55      0.64       546
          4       0.66      0.28      0.40       786
          5       0.87      0.85      0.86       171
          6       0.92      0.87      0.89        77
          9       0.88      0.91      0.90       136
         10       0.73      0.64      0.68       103

avg / total       0.92      0.93      0.92     17028
