             precision    recall  f1-score   support

          1       0.45      0.40      0.43      5745
          2       0.86      0.90      0.88     53969
          3       0.83      0.82      0.82     24627
          4       0.89      0.87      0.88      4610
          5       0.92      0.97      0.94      3459
          6       0.92      0.96      0.94     67372
          7       0.70      0.74      0.72     14530
          8       0.56      0.45      0.50      4476
          9       0.94      0.95      0.94      5726
         10       0.89      0.71      0.79      1199
         11       0.77      0.82      0.79     15154
         12       0.86      0.92      0.89      2261
         13       0.49      0.33      0.40      6631
         14       0.74      0.67      0.70     15127
         15       0.82      0.78      0.80      5115
         16       0.95      0.93      0.94      2971
         17       0.89      0.81      0.85      3741
         18       1.00      0.99      0.99      2516
         19       0.92      0.96      0.94      1920
         20       0.59      0.18      0.28       490
         21       0.14      0.02      0.03        66
         22       0.50      0.07      0.12       123
         23       0.00      0.00      0.00         1
         24       0.00      0.00      0.00         2
         25       0.80      0.57      0.67         7
         26       0.00      0.00      0.00         5
         27       0.00      0.00      0.00         1
         31       0.00      0.00      0.00         0
         32       0.84      0.31      0.46       304
         33       0.99      0.97      0.98       123
         34       0.86      0.88      0.87       651
         35       0.80      0.97      0.88       455
         36       0.79      0.66      0.72      1526
         37       0.75      0.85      0.80      1152
         38       0.86      0.85      0.85      1207
         39       0.85      0.75      0.80       123
         40       0.83      0.70      0.76       624
         41       0.96      0.84      0.89      1780
         42       0.97      0.89      0.93       413
         43       0.85      0.85      0.85       485
         44       0.89      0.89      0.89       250
         45       0.93      0.94      0.93      1562
         46       0.96      0.89      0.92      1218
         47       0.82      0.85      0.83       492
         48       0.97      0.96      0.96      2125
         49       0.89      0.83      0.86      3887
         50       0.88      0.85      0.86        78
         51       0.87      0.87      0.87      8903
         52       0.90      0.92      0.91       130
         53       0.92      0.91      0.91      4060
         54       0.83      0.52      0.64       297
         55       0.95      0.95      0.95      8996
         56       0.93      0.79      0.86       254
         57       0.95      0.97      0.96       218
         58       0.86      0.88      0.87      1001
         59       0.74      0.95      0.83       151
         60       0.79      0.80      0.80      1763
         61       0.92      0.96      0.94      2870
         62       0.93      0.86      0.89      1836
         63       0.74      0.73      0.73       170
         64       0.76      0.82      0.79       280
         65       0.93      0.91      0.92      2090
         66       0.91      0.78      0.84       145

avg / total       0.84      0.85      0.84    293463
