             precision    recall  f1-score   support

          1       0.82      0.86      0.84       240
          2       0.95      0.95      0.95       501
          3       0.84      0.92      0.88       391
          4       0.73      0.73      0.73       124
          5       0.83      0.38      0.53        13
          6       0.78      0.48      0.60        29
          7       0.79      0.88      0.84        26
          8       0.71      0.59      0.64        29
          9       0.73      0.48      0.58        23
         10       0.82      0.86      0.84        69
         11       0.67      0.50      0.57         4
         12       0.00      0.00      0.00         3
         13       1.00      0.20      0.33         5
         14       0.00      0.00      0.00         5
         15       1.00      0.25      0.40         4
         16       0.00      0.00      0.00         3
         17       0.00      0.00      0.00         1
         18       0.76      0.83      0.80       143
         19       0.71      0.55      0.62        66

avg / total       0.84      0.85      0.84      1679
