             precision    recall  f1-score   support

          1       0.96      0.98      0.97     15560
          2       0.81      0.71      0.76       556
          3       0.90      0.94      0.92      8328
          4       0.84      0.78      0.81      2413
          5       0.84      0.71      0.77       929
          6       0.75      0.84      0.79        25
          7       0.94      0.93      0.94      2320
          8       0.90      0.87      0.88      1161
          9       0.95      0.86      0.90       635
         10       0.96      0.91      0.93       401
         11       0.47      0.22      0.30       201
         12       0.56      0.53      0.54       106
         13       0.00      0.00      0.00         7
         14       0.00      0.00      0.00         1
         15       0.89      0.49      0.63        35
         16       0.79      0.64      0.71       142
         17       0.79      0.63      0.70        30
         18       0.79      0.31      0.44        49
         19       0.75      0.72      0.73       135
         20       0.72      0.57      0.64        51
         21       0.76      0.75      0.76       223

avg / total       0.92      0.92      0.92     33308
