             precision    recall  f1-score   support

          1       0.78      0.60      0.68        95
          2       0.92      0.98      0.95      1063
          3       0.62      0.69      0.65        74
          4       0.88      0.96      0.92       759
          5       0.89      0.80      0.84       136
          6       0.62      0.46      0.53        71
          7       0.81      0.87      0.84        70
          8       0.67      0.36      0.47        11
          9       0.78      0.78      0.78        54
         10       0.71      0.40      0.51        55
         11       0.38      0.15      0.21        61
         12       0.97      0.78      0.87        46
         13       1.00      0.85      0.92        13
         14       0.82      0.86      0.84       113
         15       1.00      1.00      1.00         1
         16       0.56      0.29      0.38        17
         17       0.91      0.87      0.89        55
         18       0.81      0.68      0.74        56
         19       0.75      0.68      0.71        65
         20       1.00      0.91      0.95        34

avg / total       0.86      0.87      0.86      2849
