             precision    recall  f1-score   support

          1       0.98      0.99      0.99    114274
          2       0.99      0.99      0.99     31809
          3       0.97      0.99      0.98     25293
          4       0.98      0.98      0.98     14911
          5       0.96      0.87      0.91      9608
          6       0.99      0.97      0.98     14256
          7       0.99      0.98      0.98       834
          8       0.98      0.90      0.94       353
          9       0.00      0.00      0.00       343
         10       0.00      0.00      0.00        49
         11       1.00      0.40      0.57        10

avg / total       0.98      0.98      0.98    211740
