             precision    recall  f1-score   support

          1       0.96      0.97      0.96       824
          3       0.88      0.89      0.88       133
          4       0.80      0.74      0.77        89
          5       0.95      0.93      0.94       254
          6       0.85      0.90      0.87       286
          8       0.80      0.80      0.80       437
          9       0.72      0.48      0.58        88
         11       0.79      0.86      0.83       154

avg / total       0.88      0.88      0.88      2265
