             precision    recall  f1-score   support

          1       0.92      0.93      0.92      1912
          2       0.92      0.96      0.94      1859
          3       0.96      0.97      0.97       972
          4       0.94      0.94      0.94      2350
          5       0.98      0.98      0.98      2800
          6       0.71      0.56      0.62       163
          7       0.62      0.45      0.52       287
          8       0.91      0.92      0.92       696
          9       0.88      0.87      0.87       712
         10       0.85      0.88      0.86      2255
         11       0.84      0.83      0.84       259
         12       0.88      0.83      0.86       515
         13       0.93      0.94      0.94      1112
         14       0.88      0.74      0.80       157
         15       0.80      0.80      0.80        59
         16       0.83      0.71      0.77       127
         17       0.86      0.95      0.90        19
         18       0.72      0.72      0.72        18
         19       0.87      0.64      0.73       159
         20       1.00      0.73      0.84        22
         21       0.83      0.94      0.88        16
         22       0.92      0.83      0.87        54
         23       0.87      0.57      0.68        23
         24       0.90      0.86      0.88        21
         25       0.75      0.39      0.51        23
         26       0.91      0.93      0.92      1611
         27       0.88      0.89      0.88      2744
         28       1.00      0.82      0.90        33
         29       0.91      0.94      0.92       929
         30       0.84      0.85      0.85       842
         31       0.86      0.29      0.44        65

avg / total       0.90      0.91      0.90     22814
