             precision    recall  f1-score   support

          1       0.95      0.97      0.96       587
          2       0.95      0.90      0.92       197
          3       0.98      0.98      0.98      2102
          4       1.00      0.99      0.99       152
          5       0.96      0.97      0.96       545
          6       0.99      0.99      0.99       302
          7       0.98      0.96      0.97       123
          8       0.91      0.94      0.92       453
          9       0.98      0.98      0.98       264
         10       0.97      0.96      0.96       154
         11       0.96      0.84      0.89       160
         12       0.96      0.91      0.93       124

avg / total       0.96      0.96      0.96      5163
