             precision    recall  f1-score   support

          1       0.98      0.99      0.99      8040
          2       0.90      0.94      0.92       393
          3       0.84      0.89      0.86      1916
          4       0.88      0.88      0.88      2019
          5       0.91      0.90      0.91      1165
          6       0.91      0.90      0.91      1149
          7       0.91      0.94      0.93      8617
          8       0.95      0.98      0.97      2051
          9       0.92      0.93      0.92       483
         10       0.65      0.51      0.57      2190
         11       0.96      0.97      0.97       421
         12       0.64      0.62      0.63       423
         13       0.56      0.66      0.61       126
         14       0.74      0.60      0.66       257
         15       0.91      0.91      0.91       530
         17       0.87      0.84      0.85       123

avg / total       0.90      0.91      0.90     29903
