             precision    recall  f1-score   support

          1       0.96      0.93      0.95        87
          2       0.92      0.95      0.94       192
          4       0.86      0.89      0.88        36
          5       0.90      0.81      0.85        54
          6       0.90      0.96      0.93        27
          7       0.80      0.83      0.82        24
          8       0.79      0.88      0.84        26
         11       0.89      0.83      0.86        30
         12       0.88      0.83      0.86        18
         13       1.00      0.88      0.94        17

avg / total       0.91      0.91      0.91       511
