             precision    recall  f1-score   support

          1       0.92      0.87      0.89       921
          2       0.90      0.94      0.92       434
          3       0.98      0.99      0.99      2296
          4       0.93      0.92      0.92       338
          5       0.84      0.90      0.87       162
          6       0.94      0.95      0.95      2747
          7       0.77      0.85      0.81      1013
          8       0.99      0.99      0.99      1712
          9       0.96      0.93      0.95       515
         10       0.86      0.76      0.81       724
         11       0.95      0.94      0.95      1211
         12       0.94      0.94      0.94       466
         13       1.00      0.96      0.98       197

avg / total       0.94      0.93      0.93     12736
