             precision    recall  f1-score   support

          1       0.96      0.97      0.97      5838
          2       0.82      0.76      0.79      1367
          3       0.93      0.97      0.95     11015
          4       0.79      0.50      0.61       877
          5       0.86      0.81      0.83       150
          6       0.71      0.38      0.50       265
          7       0.87      0.80      0.84       178
          8       0.00      0.00      0.00         2
          9       0.00      0.00      0.00         2
         10       0.00      0.00      0.00         1
         11       0.00      0.00      0.00         2
         12       0.00      0.00      0.00         2
         14       0.00      0.00      0.00         1
         16       0.00      0.00      0.00         1
         17       0.00      0.00      0.00         1
         18       0.00      0.00      0.00         0
         19       0.00      0.00      0.00         2
         20       1.00      0.50      0.67         2
         21       0.89      0.84      0.86       459
         22       0.91      0.82      0.86       181

avg / total       0.92      0.92      0.92     20346
