             precision    recall  f1-score   support

          1       0.87      0.98      0.92     11581
          2       0.46      0.16      0.24      9699
          3       0.72      0.87      0.79      4860
          4       0.97      0.98      0.97     10917
          5       0.58      0.70      0.64      1735
          6       0.71      0.88      0.78      4193
          7       0.78      0.94      0.85      6256
          8       0.67      0.88      0.76      3043
          9       0.60      0.80      0.69      2333
         10       0.97      0.96      0.96      2640
         12       0.90      0.90      0.90       651
         13       0.35      0.11      0.17      1141
         14       0.61      0.73      0.67      1946
         15       0.62      0.44      0.51       335
         16       0.65      0.47      0.55       372
         17       0.70      0.74      0.72       367
         18       0.62      0.63      0.62       126

avg / total       0.75      0.78      0.75     62195
