             precision    recall  f1-score   support

          1       0.97      0.98      0.97     11236
          2       0.93      0.95      0.94      6021
          3       0.84      0.90      0.87       893
          4       0.85      0.87      0.86      1011
          5       0.96      0.94      0.95      2450
          6       0.97      0.92      0.94       363
          7       0.88      0.84      0.86      1049
          8       0.92      0.84      0.88      1870
          9       0.80      0.69      0.74       226
         10       0.79      0.74      0.76       201

avg / total       0.94      0.94      0.94     25320
