             precision    recall  f1-score   support

          1       0.90      0.93      0.92      1354
          2       0.94      0.86      0.90       339
          3       0.84      0.75      0.79       382
          4       0.90      0.92      0.91      1361
          5       0.84      0.89      0.86       311
          6       0.96      0.93      0.94       124
          7       0.91      0.91      0.91       188
          8       0.82      0.81      0.81       138
          9       0.89      0.85      0.87       156
         11       0.87      0.70      0.78       121

avg / total       0.89      0.89      0.89      4474
