             precision    recall  f1-score   support

          1       0.93      0.93      0.93      3642
          2       0.82      0.90      0.85     42530
          3       0.70      0.25      0.37      1212
          4       0.91      0.93      0.92     26639
          5       0.98      0.98      0.98     29235
          6       0.97      0.98      0.98     23909
          7       0.83      0.74      0.78      4537
          8       0.89      0.89      0.89      7049
          9       0.62      0.11      0.19       114
         10       0.89      0.84      0.86      4286
         11       0.97      0.97      0.97     13329
         12       0.97      0.95      0.96      1611
         13       0.93      0.95      0.94      4062
         14       0.78      0.16      0.27      1256
         16       0.62      0.21      0.32       932
         17       0.67      0.32      0.43      1003
         18       0.49      0.26      0.34       472
         19       0.67      0.19      0.29       788
         20       0.61      0.27      0.37       817
         21       0.55      0.09      0.15       448
         22       0.54      0.09      0.15        81
         23       0.66      0.39      0.49       197
         24       0.78      0.38      0.51       135
         25       0.43      0.12      0.18        78
         28       0.62      0.51      0.56        98

avg / total       0.90      0.90      0.89    168460
