             precision    recall  f1-score   support

          1       0.95      0.95      0.95      6942
          2       0.97      0.97      0.97      1890
          3       0.89      0.90      0.89       217
          4       0.96      0.89      0.93       484
          5       0.90      0.91      0.90      3243
          6       0.92      0.86      0.89       230
          7       0.88      0.89      0.89       214
          8       0.97      0.97      0.97       394

avg / total       0.94      0.94      0.94     13614
