             precision    recall  f1-score   support

          1       0.76      0.84      0.80      2270
          2       0.97      0.98      0.98      4028
          3       0.69      0.75      0.72      1253
          4       0.84      0.83      0.83       872
          5       0.76      0.79      0.77      1625
          6       0.70      0.43      0.53       593
          7       0.74      0.68      0.71       619
          8       0.75      0.67      0.71       692
          9       0.93      0.90      0.91       918
         10       0.71      0.35      0.47        99
         11       0.57      0.42      0.48       169

avg / total       0.83      0.83      0.83     13138
