             precision    recall  f1-score   support

          1       0.80      0.86      0.83      5264
          2       0.80      0.88      0.84      7893
          3       0.97      0.97      0.97     18131
          4       0.86      0.81      0.83      3645
          5       0.76      0.65      0.70      8911
          6       0.62      0.59      0.60      8896
          7       0.78      0.81      0.79      1942
          8       0.76      0.81      0.78      7224

avg / total       0.82      0.82      0.81     61906
