             precision    recall  f1-score   support

          1       0.92      0.94      0.93      1129
          2       0.96      0.96      0.96       568
          3       0.93      0.90      0.92       475
          4       0.85      0.85      0.85       265
          5       0.94      0.97      0.96      1045
          6       0.99      0.98      0.99       546
          7       0.96      0.94      0.95       728
          8       0.96      0.93      0.94       204
          9       0.83      0.79      0.81        87

avg / total       0.94      0.94      0.94      5047
