             precision    recall  f1-score   support

          1       1.00      1.00      1.00      4783
          2       0.89      0.76      0.82       127
          3       0.98      0.90      0.94       155
          4       1.00      0.93      0.96        68
          5       0.89      0.98      0.93      1226
          6       0.75      0.78      0.76       243
          7       0.97      0.86      0.91       116
          8       0.97      0.95      0.96       203
          9       0.93      0.78      0.85       142
         10       0.90      0.80      0.85       127
         11       0.95      0.88      0.92        68
         12       0.74      0.59      0.66       123
         26       0.99      0.93      0.96        92

avg / total       0.96      0.96      0.96      7473
