             precision    recall  f1-score   support

          1       0.80      0.77      0.79      1809
          2       0.99      0.99      0.99      6564
          3       0.94      0.96      0.95      6970
          4       0.95      0.96      0.96      4586
          5       0.90      0.93      0.92      1501
          6       0.92      0.92      0.92      1419
          7       0.94      0.79      0.86       253
          8       0.95      0.90      0.92       990
          9       0.92      0.89      0.91       540
         10       0.97      0.96      0.97       565
         11       0.92      0.92      0.92       313
         12       0.61      0.23      0.33       102
         14       0.99      0.90      0.94       179
         15       0.83      0.86      0.85       103

avg / total       0.94      0.94      0.94     25894
