             precision    recall  f1-score   support

          1       0.85      0.91      0.88      3468
          2       0.98      0.97      0.97       353
          3       0.99      0.99      0.99      1441
          4       0.86      0.79      0.82      2510
          5       0.88      0.93      0.90       258
          6       1.00      0.12      0.22         8
          7       0.85      0.63      0.72        81
          8       0.88      0.81      0.84        26

avg / total       0.88      0.88      0.88      8145
