             precision    recall  f1-score   support

          1       0.91      0.89      0.90      3910
          2       0.97      0.95      0.96     10415
          3       0.93      0.95      0.94      8491
          4       0.92      0.94      0.93      8599
          5       0.70      0.72      0.71       548
          6       0.98      0.95      0.97       510
          7       0.73      0.72      0.73       888
          8       0.94      0.89      0.91       611
          9       0.82      0.69      0.75       446
         10       0.88      0.87      0.87       293

avg / total       0.93      0.93      0.93     34711
