             precision    recall  f1-score   support

          1       0.81      0.77      0.79      1007
          2       0.98      0.99      0.98      3373
          3       0.98      0.96      0.97       187
          4       0.97      0.99      0.98      5232
          5       0.99      0.99      0.99      1279
          6       0.90      0.86      0.88       486
          7       0.98      0.97      0.97      2613
          8       0.93      0.93      0.93      1279
          9       0.95      0.89      0.92       497
         10       0.84      0.82      0.83       271
         11       0.88      0.87      0.88       594
         12       0.93      0.92      0.92       260
         13       0.94      0.94      0.94        54
         14       0.83      0.72      0.77       300
         15       1.00      0.45      0.62        20
         16       0.83      0.88      0.85       632
         17       0.92      0.97      0.95        99
         18       0.92      0.93      0.92       164
         19       0.91      0.94      0.92       320
         20       0.98      0.91      0.94        55
         21       0.60      0.25      0.35        12
         22       0.98      0.93      0.96        60
         23       0.91      0.91      0.91        11
         24       0.88      0.88      0.88        17
         27       0.93      0.79      0.86       124
         28       0.95      0.97      0.96       210
         29       0.98      1.00      0.99       763
         30       0.98      1.00      0.99       450
         31       0.90      0.96      0.93       137
         32       0.92      0.95      0.94       810
         33       0.95      0.99      0.97       532
         34       0.77      0.52      0.62        44
         35       0.97      0.90      0.94       154
         36       0.89      0.87      0.88        78

avg / total       0.95      0.95      0.95     22124
