             precision    recall  f1-score   support

          1       0.94      0.97      0.95      9587
          2       0.84      0.74      0.79       877
          3       0.96      0.97      0.97      7885
          4       0.00      0.00      0.00         8
          5       0.00      0.00      0.00         7
          7       0.82      0.64      0.72        42
          8       0.71      0.55      0.62        92
          9       0.78      0.56      0.65       402
         10       0.60      0.73      0.65        51
         11       0.89      0.87      0.88       105
         12       0.92      0.67      0.77        18
         13       0.80      0.92      0.86       104
         14       0.47      0.29      0.36        24
         15       0.57      0.33      0.42        24
         16       0.68      0.45      0.54        55
         17       0.78      0.89      0.83       188
         18       0.83      0.76      0.79       114
         19       0.80      0.65      0.72       273
         20       0.89      0.84      0.86        19
         21       0.83      0.80      0.82        56
         22       0.74      0.79      0.77       173
         23       0.77      0.72      0.75       285
         24       0.85      0.41      0.55        27

avg / total       0.93      0.93      0.93     20416
