             precision    recall  f1-score   support

          1       0.94      0.93      0.93      3642
          2       0.82      0.90      0.85     42529
          3       0.72      0.22      0.34      1212
          4       0.91      0.93      0.92     26639
          5       0.98      0.98      0.98     29234
          6       0.96      0.98      0.97     23909
          7       0.84      0.73      0.78      4537
          8       0.90      0.89      0.89      7048
          9       0.67      0.11      0.18       114
         10       0.88      0.84      0.86      4285
         11       0.97      0.97      0.97     13329
         12       0.97      0.97      0.97      1611
         13       0.94      0.95      0.94      4062
         14       0.73      0.14      0.24      1256
         16       0.64      0.23      0.33       932
         17       0.61      0.32      0.42      1003
         18       0.47      0.29      0.36       472
         19       0.61      0.16      0.26       787
         20       0.58      0.30      0.40       816
         21       0.66      0.09      0.15       448
         22       0.29      0.03      0.05        80
         23       0.64      0.40      0.50       196
         24       0.72      0.41      0.52       134
         25       0.41      0.18      0.25        78
         28       0.62      0.52      0.57        98

avg / total       0.90      0.90      0.89    168451
