             precision    recall  f1-score   support

          1       0.57      0.69      0.62        86
          2       0.83      0.89      0.86       289
          3       0.70      0.69      0.70        58
          4       0.33      0.15      0.21        13
          5       1.00      0.25      0.40         8
          6       0.81      0.60      0.68        42
          7       0.60      0.25      0.35        24
          8       0.65      0.52      0.58        25
          9       0.64      0.78      0.70        32
         11       0.86      0.90      0.88       214
         12       0.66      0.60      0.63        35
         13       0.54      0.52      0.53        27
         14       0.50      0.52      0.51        27
         15       0.59      0.55      0.57        73

avg / total       0.74      0.75      0.74       953
