             precision    recall  f1-score   support

          1       0.90      0.94      0.92      1606
          2       0.91      0.91      0.91       655
          3       0.85      0.80      0.82       152
          5       0.86      0.92      0.89       931
          8       0.80      0.69      0.74       143
          9       0.73      0.51      0.60        87
         10       0.59      0.47      0.53       178
         11       0.63      0.55      0.59       188
         13       0.91      0.83      0.87       111

avg / total       0.86      0.86      0.86      4051
