             precision    recall  f1-score   support

          1       0.81      0.64      0.72       508
          2       0.93      0.93      0.93       287
          3       0.92      0.94      0.93      3594
          4       0.99      0.99      0.99      1438
          5       0.90      0.93      0.91      2930
          6       0.86      0.83      0.85       182
          7       0.92      0.92      0.92       769
          8       0.93      0.92      0.92       140
          9       0.75      0.59      0.67       279
         11       0.47      0.28      0.35        74

avg / total       0.91      0.91      0.91     10201
