             precision    recall  f1-score   support

          1       0.95      0.97      0.96     31703
          2       0.95      0.97      0.96      7466
          3       0.95      0.96      0.95      7339
          4       0.90      0.93      0.92     14780
          5       0.87      0.92      0.89      5480
          6       0.96      0.98      0.97     12897
          7       0.83      0.83      0.83      1238
          8       0.88      0.79      0.83      3495
          9       0.84      0.73      0.78       245
         10       0.85      0.82      0.84      1441
         11       0.75      0.58      0.65      2706
         12       0.84      0.92      0.88      1112
         13       0.88      0.93      0.90      1155
         14       0.82      0.83      0.83        89
         15       0.86      0.52      0.65       554
         16       0.89      0.82      0.85       157
         17       0.72      0.45      0.55       228
         18       0.94      0.66      0.78       158
         19       0.90      0.46      0.61        41
         20       0.67      0.43      0.52        14
         21       0.67      0.31      0.42        26
         22       0.91      0.62      0.74        34
         23       0.86      0.78      0.82       334
         24       0.87      0.69      0.77       295
         25       0.60      0.58      0.59       106
         26       0.88      0.81      0.85       839
         27       0.87      0.77      0.82       407
         28       0.88      0.72      0.79       297
         29       0.71      0.53      0.61       669
         30       0.95      0.83      0.89       159
         31       0.81      0.83      0.82      1558
         32       0.59      0.30      0.40        77

avg / total       0.92      0.92      0.92     97099
