             precision    recall  f1-score   support

          1       0.96      0.98      0.97       823
          3       0.93      0.90      0.92       132
          4       0.78      0.70      0.74        88
          5       0.94      0.95      0.94       254
          6       0.83      0.92      0.87       286
          8       0.86      0.78      0.82       436
          9       0.56      0.55      0.56        87
         11       0.84      0.85      0.84       153

avg / total       0.89      0.89      0.89      2259
