             precision    recall  f1-score   support

          1       0.74      0.64      0.69        36
          2       0.84      0.88      0.86        74
          3       0.89      0.85      0.87       155
          4       0.00      0.00      0.00         2
          5       0.92      0.93      0.92       164
          6       0.95      0.79      0.86        24
          7       0.91      0.77      0.83        13
          8       0.97      0.98      0.97       183
          9       0.74      0.94      0.83        18
         10       1.00      0.17      0.29         6
         11       0.91      0.88      0.89        33
         12       0.33      0.27      0.30        11
         13       0.85      0.52      0.65        21
         14       0.80      0.67      0.73         6
         15       0.50      0.40      0.44        10
         16       0.88      0.93      0.90       181
         17       0.84      0.91      0.87       207

avg / total       0.88      0.88      0.87      1144
