             precision    recall  f1-score   support

          1       0.98      0.98      0.98     18509
          2       0.97      0.98      0.98     15535
          3       0.98      0.97      0.97      4309
          4       0.96      0.95      0.95       569
          5       0.99      0.97      0.98      1579
          6       1.00      0.74      0.85        19
          7       0.65      0.73      0.69      2157
          8       0.53      0.39      0.45       628
          9       0.40      0.19      0.26        21
         10       0.99      0.99      0.99       785
         11       0.58      0.52      0.55      1225

avg / total       0.94      0.95      0.94     45336
