             precision    recall  f1-score   support

          1       0.84      0.91      0.87      1138
          2       0.94      0.97      0.96       796
          3       0.91      0.95      0.93       130
          4       0.80      0.68      0.74       119
          5       0.92      0.96      0.94      2392
          6       0.97      0.93      0.95       414
          7       0.47      0.39      0.43        70
          8       0.79      0.58      0.67        93
          9       0.73      0.46      0.57       238
         10       0.66      0.71      0.68       497
         11       0.91      0.86      0.88       522
         12       0.97      0.94      0.96       341
         13       0.96      0.93      0.94       222
         14       0.90      0.90      0.90        40
         15       0.82      0.56      0.67        32
         16       0.65      0.43      0.52        56
         17       0.87      0.57      0.69        60
         18       0.59      0.57      0.58        23
         19       0.60      0.43      0.50        42
         20       0.85      0.81      0.83        27
         21       0.74      0.58      0.65        96
         22       0.97      0.86      0.91        35
         23       0.59      0.39      0.47        33
         24       0.98      0.85      0.91        59
         25       0.75      0.60      0.67        20
         26       0.00      0.00      0.00         9
         27       0.88      0.93      0.90       584
         28       0.60      0.51      0.55        51
         29       0.64      0.55      0.59       126
         30       0.60      0.17      0.26        18
         31       0.75      0.92      0.82       252
         32       0.81      0.82      0.82        78
         33       0.68      0.79      0.73        90
         34       0.60      0.64      0.62        73
         35       0.77      0.86      0.81       148
         36       0.85      0.70      0.77        63

avg / total       0.86      0.86      0.86      8987
