             precision    recall  f1-score   support

          1       0.97      0.98      0.98      2051
          2       0.81      0.80      0.80      4105
          3       0.77      0.71      0.74       424
          4       0.98      0.98      0.98     15258
          5       0.95      0.98      0.96     17156
          6       0.84      0.76      0.80      3322
          7       0.99      0.99      0.99      7012
          8       0.99      0.99      0.99      7711
          9       0.79      0.62      0.69       278
         10       0.92      0.94      0.93      3295
         11       0.84      0.87      0.86      5509
         12       1.00      1.00      1.00      1415
         13       0.93      0.93      0.93      3587
         14       0.90      0.89      0.90       796
         15       0.85      0.79      0.82       257
         16       0.87      0.96      0.91      3183
         17       0.91      0.87      0.89       933
         18       0.98      0.98      0.98      1140
         19       0.84      0.89      0.87      3885
         20       0.98      0.96      0.97      2972
         21       0.94      0.94      0.94      1056
         22       0.70      0.67      0.68      1437
         23       0.87      0.88      0.88      3907
         24       0.95      0.93      0.94       831
         25       0.65      0.36      0.46       427
         26       0.98      0.98      0.98      3373
         27       0.94      0.97      0.96      1561
         28       0.91      0.86      0.89       503
         29       0.59      0.47      0.52       479
         30       0.93      0.95      0.94      1211
         31       0.84      0.86      0.85       727
         32       0.90      0.91      0.90      1024
         33       0.94      0.94      0.94      1067
         34       0.86      0.82      0.84       824
         35       0.86      0.92      0.89       222
         36       0.71      0.62      0.67        24
         37       0.73      0.67      0.70       226
         38       0.00      0.00      0.00         3
         39       0.80      0.24      0.37        50
         40       0.68      0.69      0.68       110
         41       0.95      0.71      0.81        77
         42       0.73      0.27      0.39        41
         43       0.55      0.07      0.13       228
         44       0.66      0.23      0.35        81
         45       0.75      0.57      0.65        21
         46       0.83      0.43      0.57        99
         47       0.93      0.75      0.83        57
         48       0.92      0.65      0.76        34
         49       0.75      0.15      0.25        40
         50       0.92      0.48      0.63        23
         51       0.00      0.00      0.00         1
         52       0.69      0.58      0.63        19
         53       1.00      0.33      0.50         9
         54       1.00      0.50      0.67         2
         55       0.89      0.79      0.84        42
         56       0.50      0.22      0.31        18
         57       0.75      0.50      0.60         6
         58       0.75      0.75      0.75         4
         59       1.00      0.33      0.50         6
         60       0.00      0.00      0.00         2
         61       0.00      0.00      0.00         3
         62       1.00      1.00      1.00         2
         63       0.00      0.00      0.00         3
         64       0.98      0.98      0.98      1841
         65       0.93      0.68      0.79        76

avg / total       0.92      0.93      0.92    106086
