             precision    recall  f1-score   support

          1       0.95      0.98      0.97      5293
          2       0.86      0.89      0.87       672
          3       0.93      0.98      0.96      1131
          4       0.85      0.95      0.90      9304
          5       0.90      0.86      0.88       841
          6       0.78      0.72      0.75       444
          7       0.88      0.90      0.89      1914
          8       0.89      0.81      0.85       258
          9       0.91      0.92      0.91      1545
         10       0.76      0.58      0.66       841
         11       0.79      0.72      0.75      1339
         12       0.89      0.89      0.89       684
         13       0.95      0.95      0.95      2888
         14       0.84      0.83      0.83       880
         15       0.86      0.88      0.87       389
         16       0.83      0.87      0.85      2623
         17       0.91      0.88      0.89       346
         18       0.96      0.97      0.97      1007
         19       0.75      0.90      0.82       575
         20       0.86      0.92      0.89       326
         21       0.72      0.81      0.76       600
         22       0.99      0.99      0.99      3916
         23       0.88      0.95      0.92       594
         24       0.94      0.98      0.96      2192
         25       0.89      0.93      0.91      3426
         26       0.72      0.51      0.59      2200
         27       0.85      0.70      0.77       571
         28       0.95      0.97      0.96       711
         29       0.84      0.87      0.86       665
         30       0.92      0.95      0.94       401
         31       0.90      0.93      0.91       911
         32       0.86      0.91      0.89       402
         33       0.79      0.78      0.78       147
         34       0.95      0.95      0.95       584
         35       0.88      0.87      0.87       464
         36       0.78      0.73      0.76       958
         37       0.95      0.98      0.96      1134
         38       0.84      0.65      0.73       139
         39       0.81      0.83      0.82       735
         40       0.88      0.94      0.91       248
         41       0.93      0.94      0.94      1000
         42       0.96      0.98      0.97      1151
         43       0.70      0.81      0.75       275
         44       0.94      0.96      0.95       796
         45       0.85      0.68      0.76       298
         46       0.87      0.80      0.84       307
         47       0.83      0.85      0.84       446
         48       0.97      0.93      0.95       202
         49       0.88      0.91      0.90       300
         50       0.84      0.79      0.81       200
         51       0.86      0.85      0.86       557
         52       0.75      0.64      0.69       148
         53       0.91      0.96      0.93       179
         54       0.88      0.94      0.91       830
         55       0.91      0.74      0.82       108
         56       0.90      0.73      0.80       274
         57       0.84      0.73      0.78        93
         58       0.75      0.78      0.77       642
         59       0.83      0.87      0.85       393
         60       0.93      0.96      0.94       684
         61       0.65      0.25      0.36        68
         62       0.76      0.82      0.79        90
         63       0.95      0.93      0.94       588
         64       0.93      0.96      0.94      1090
         65       0.77      0.75      0.76       239
         66       0.95      0.96      0.96       536
         67       0.91      0.97      0.94       717
         68       0.74      0.76      0.75       253
         69       0.71      0.25      0.37       371
         70       0.87      0.81      0.84       689
         71       0.85      0.93      0.89       583
         72       0.94      0.94      0.94       667
         73       0.83      0.81      0.82       944
         74       0.88      0.87      0.88       236
         75       0.87      0.91      0.89       371
         76       0.89      0.88      0.89       171
         77       0.88      0.96      0.92       680
         78       0.95      0.95      0.95       489
         79       0.97      0.96      0.96       448
         80       0.86      0.94      0.90       228
         81       0.71      0.62      0.66       128
         82       0.72      0.67      0.69       191
         83       0.87      0.85      0.86       361
         84       0.88      0.90      0.89       354
         85       0.93      0.93      0.93       621
         86       0.96      0.98      0.97      1683
         87       0.70      0.64      0.67        67
         88       0.72      0.73      0.72       264
         89       0.88      0.79      0.83       651
         90       0.93      0.94      0.93       126
         91       0.91      0.91      0.91       106
         92       0.89      0.83      0.86        71
         93       0.85      0.92      0.88       245
         94       0.84      0.82      0.83       370
         95       0.89      0.86      0.87       358
         96       0.92      0.92      0.92       425
         97       0.86      0.87      0.86       334
         98       0.85      0.92      0.88        72
         99       0.94      0.93      0.93       207
        100       0.87      0.87      0.87       566
        101       0.75      0.88      0.81       350
        102       0.90      0.87      0.88       287
        103       0.88      0.92      0.90       750
        104       0.90      0.86      0.88       105
        105       0.74      0.74      0.74       317
        106       0.79      0.83      0.81        66
        107       0.88      0.87      0.87       156
        108       0.85      0.67      0.75        99
        109       0.83      0.93      0.88        76
        110       0.77      0.79      0.78       142
        111       0.94      0.94      0.94       281
        112       0.92      0.97      0.94       124
        113       0.88      0.90      0.89       197
        114       0.84      0.88      0.86       248
        115       0.91      0.95      0.93      1224
        116       0.64      0.20      0.30       327
        117       0.73      0.16      0.27       146
        118       0.90      0.96      0.93       255
        119       0.86      0.83      0.84       115
        120       0.91      0.86      0.89       117
        121       0.74      0.41      0.53       255
        122       0.83      0.87      0.85       144
        123       0.98      0.93      0.95       351
        124       0.89      0.79      0.84       249
        125       0.80      0.82      0.81       121
        126       0.91      0.85      0.88        98
        127       0.82      0.64      0.71       118
        128       0.86      0.94      0.90       219
        129       0.79      0.79      0.79        97
        130       0.85      0.84      0.85       175
        131       0.90      0.81      0.85        94
        132       0.94      0.97      0.95       288
        133       0.96      0.99      0.97       283
        134       0.77      0.49      0.60       128
        135       0.89      0.90      0.89        61
        136       0.83      0.79      0.81        67
        137       0.89      0.83      0.86        99
        138       0.86      0.66      0.74        93
        139       0.87      0.85      0.86       122
        140       0.61      0.45      0.52        74
        141       0.81      0.58      0.68       142
        142       0.90      0.79      0.84       330
        143       0.77      0.69      0.73       304
        144       0.92      0.92      0.92       118
        145       0.82      0.89      0.86       121
        146       0.74      0.49      0.59        69
        147       0.84      0.73      0.78        67
        148       0.85      0.82      0.84       128
        149       0.96      0.95      0.96        86
        150       0.96      0.91      0.93        85
        151       0.72      0.61      0.66        97
        152       0.51      0.21      0.30        84
        156       0.00      0.00      0.00        31
        157       0.00      0.00      0.00        18

avg / total       0.88      0.88      0.88     90037
