             precision    recall  f1-score   support

          1       0.61      0.51      0.56      3225
          2       0.68      0.82      0.74      3706
          3       0.56      0.41      0.48      2494
          4       0.83      0.92      0.88      4021
          5       0.73      0.80      0.76      2829
          6       0.57      0.48      0.52      2741
          7       0.74      0.78      0.76      3433
          8       0.75      0.70      0.73      1298
         10       0.63      0.54      0.58        83
         11       0.71      0.70      0.71       227
         12       0.47      0.59      0.52        41
         13       0.68      0.75      0.71       481
         14       0.65      0.76      0.70        62
         15       0.74      0.59      0.66       245

avg / total       0.69      0.70      0.69     24886
