             precision    recall  f1-score   support

          1       0.99      0.99      0.99     17613
          2       0.97      0.98      0.98       983
          3       0.95      0.90      0.93       973
          4       0.98      0.99      0.98      1723
          5       1.00      0.98      0.99      1064
          6       0.91      0.93      0.92       476
          7       0.98      0.97      0.97       493
          8       0.95      0.95      0.95       636
          9       0.95      0.91      0.93       274
         11       1.00      0.97      0.98       260

avg / total       0.99      0.99      0.99     24495
