             precision    recall  f1-score   support

          1       0.96      0.98      0.97     33116
          2       0.97      0.98      0.97     30264
          3       0.86      0.91      0.88      3828
          4       0.95      0.95      0.95      3430
          5       0.85      0.82      0.84      2379
          6       0.72      0.74      0.73      1638
          7       0.82      0.64      0.72      1135
          8       0.82      0.66      0.73       312
          9       0.77      0.54      0.63       469
         10       0.53      0.08      0.14       122
         11       0.86      0.46      0.60       155
         12       0.60      0.15      0.24        20
         13       0.86      0.44      0.58       339
         14       0.92      0.53      0.67       905
         15       0.71      0.35      0.47       397

avg / total       0.94      0.94      0.94     78509
