             precision    recall  f1-score   support

          1       0.73      0.78      0.76      1694
          2       0.73      0.73      0.73      2113
          3       0.98      0.97      0.98      1065
          4       0.92      0.90      0.91        79
          5       0.93      0.95      0.94       895
          6       0.90      0.95      0.92      1699
          7       0.78      0.81      0.79       622
          8       0.85      0.81      0.83       321
          9       0.97      0.90      0.93        31
         10       0.78      0.68      0.73       148
         11       0.73      0.72      0.73       581
         12       0.83      0.73      0.78       277
         13       0.83      0.79      0.81       689
         14       0.65      0.59      0.62        90
         15       0.92      0.95      0.94        64
         16       0.90      0.86      0.88        96
         17       0.80      0.81      0.81       140
         18       0.77      0.56      0.65        59
         19       0.43      0.23      0.30        39
         20       0.54      0.44      0.48        32
         21       0.70      0.64      0.67        58
         22       0.81      0.83      0.82       100
         23       0.77      0.62      0.69        58
         24       1.00      0.94      0.97        17
         25       1.00      0.27      0.42        15
         26       0.78      0.54      0.64        39
         27       0.70      0.63      0.67        30
         28       0.56      0.56      0.56         9
         29       0.75      0.30      0.43        10
         30       0.00      0.00      0.00         2
         31       1.00      0.50      0.67         4
         32       0.50      0.25      0.33         8
         33       1.00      0.69      0.81        16
         34       0.75      0.60      0.67        10
         35       1.00      0.20      0.33         5
         36       0.80      0.36      0.50        11
         37       1.00      0.20      0.33         5
         38       1.00      1.00      1.00         1
         39       1.00      0.50      0.67         2
         40       0.67      0.50      0.57         4
         41       0.00      0.00      0.00         1
         42       0.91      0.78      0.84        37
         43       0.89      0.94      0.92      1127
         44       0.84      0.85      0.84       838
         45       0.79      0.77      0.78      1004
         46       0.72      0.42      0.53        92

avg / total       0.82      0.82      0.82     14237
