             precision    recall  f1-score   support

          1       0.96      0.97      0.97      5079
          2       0.92      0.95      0.93      8856
          3       0.98      0.97      0.98     13460
          4       0.93      0.89      0.91      7812
          5       0.88      0.91      0.89      2472
          6       0.91      0.64      0.75       404
          7       0.85      0.79      0.82      3594
          8       0.98      0.89      0.93       120
          9       0.92      0.95      0.93      9027
         10       0.99      0.99      0.99     10437

avg / total       0.94      0.94      0.94     61261
