             precision    recall  f1-score   support

          1       0.94      0.97      0.96     13054
          2       0.85      0.83      0.84      1433
          3       0.97      0.99      0.98     24014
          4       0.87      0.89      0.88       957
          5       0.93      0.91      0.92      4255
          6       0.93      0.97      0.95      6981
          7       0.90      0.86      0.88      1872
          8       0.89      0.95      0.92      3211
          9       0.94      0.94      0.94      2527
         10       0.89      0.92      0.91      2006
         11       0.77      0.81      0.79      1281
         12       0.73      0.55      0.63      1310
         13       0.87      0.87      0.87      1951
         14       0.75      0.82      0.79       598
         15       0.72      0.67      0.69        75
         16       0.75      0.25      0.38        12
         17       1.00      0.39      0.56        18
         18       0.84      0.56      0.67       181
         19       0.80      0.56      0.66       296
         20       0.62      0.19      0.29        96
         21       0.84      0.85      0.85       114
         22       0.80      0.59      0.68       440
         23       0.33      0.18      0.24       157
         24       0.70      0.67      0.69       119
         25       0.73      0.53      0.61       444
         26       0.79      0.63      0.70       337
         27       0.87      0.87      0.87        91
         28       0.56      0.50      0.53       261
         29       0.79      0.36      0.50       170
         30       0.79      0.74      0.76       248
         31       0.88      0.42      0.57        67
         32       0.88      0.66      0.75       218
         33       0.85      0.48      0.62       165
         34       0.78      0.52      0.63        69

avg / total       0.92      0.93      0.92     69028
