             precision    recall  f1-score   support

          1       0.93      0.93      0.93      3643
          2       0.82      0.90      0.86     42530
          3       0.71      0.25      0.37      1213
          4       0.90      0.93      0.92     26640
          5       0.98      0.99      0.98     29235
          6       0.97      0.98      0.98     23909
          7       0.84      0.74      0.79      4537
          8       0.90      0.89      0.89      7049
          9       0.43      0.11      0.18       115
         10       0.89      0.84      0.87      4286
         11       0.97      0.97      0.97     13329
         12       0.96      0.95      0.96      1612
         13       0.93      0.95      0.94      4062
         14       0.78      0.18      0.29      1257
         16       0.65      0.20      0.30       932
         17       0.63      0.32      0.43      1003
         18       0.45      0.28      0.35       473
         19       0.64      0.18      0.28       788
         20       0.63      0.30      0.41       817
         21       0.60      0.07      0.13       449
         22       0.00      0.00      0.00        81
         23       0.74      0.43      0.54       197
         24       0.79      0.44      0.57       135
         25       0.68      0.19      0.30        78
         28       0.60      0.46      0.52        99

avg / total       0.90      0.90      0.89    168469
