             precision    recall  f1-score   support

          1       0.97      0.97      0.97      2782
          2       0.96      0.95      0.96      2076
          3       1.00      0.99      0.99      3638
          4       0.97      0.98      0.97      4140
          5       0.97      0.99      0.98     14664
          6       0.92      0.95      0.93      1909
          7       0.74      0.42      0.54       149
          8       1.00      0.99      0.99      2962
          9       0.97      0.89      0.93       382
         10       0.83      0.38      0.53        13
         11       0.83      0.76      0.80       519
         12       0.89      0.72      0.80       108
         13       0.87      0.54      0.66        99
         14       0.97      1.00      0.99       184
         15       0.99      1.00      1.00       175
         16       0.82      0.79      0.81       340
         17       0.92      0.93      0.92        84
         18       0.94      0.86      0.90      1701
         19       0.98      0.96      0.97       100
         20       1.00      1.00      1.00        25

avg / total       0.96      0.97      0.96     36050
