             precision    recall  f1-score   support

          1       0.97      0.98      0.97       943
          2       1.00      1.00      1.00       529
          3       0.96      0.97      0.97       792
          4       0.95      0.86      0.90       189
          5       0.99      0.93      0.96       223
          6       0.87      0.81      0.84       154
          7       1.00      0.95      0.97       215
         11       0.91      0.97      0.94       433

avg / total       0.96      0.96      0.96      3478
