             precision    recall  f1-score   support

          1       0.87      0.91      0.89      3981
          2       0.86      0.85      0.86      4190
          3       0.89      0.89      0.89      4005
          4       0.87      0.89      0.88      2260
          5       0.91      0.87      0.89      1470
          6       0.95      0.93      0.94       642
          8       0.77      0.70      0.73       326
          9       0.99      0.95      0.97       148
         11       0.84      0.84      0.84       147
         12       0.79      0.76      0.77        98

avg / total       0.88      0.88      0.88     17267
