             precision    recall  f1-score   support

          1       0.97      0.98      0.98     15561
          2       0.84      0.74      0.78       556
          3       0.90      0.95      0.93      8329
          4       0.86      0.77      0.81      2413
          5       0.82      0.77      0.79       929
          6       0.92      0.88      0.90        25
          7       0.94      0.93      0.93      2320
          8       0.90      0.87      0.89      1161
          9       0.96      0.87      0.91       635
         10       0.96      0.93      0.95       401
         11       0.43      0.24      0.31       201
         12       0.57      0.63      0.60       107
         13       0.00      0.00      0.00         7
         14       0.00      0.00      0.00         1
         15       0.81      0.60      0.69        35
         16       0.80      0.65      0.72       142
         17       0.88      0.70      0.78        30
         18       0.83      0.40      0.54        50
         19       0.74      0.65      0.69       135
         20       0.71      0.62      0.66        52
         21       0.71      0.73      0.72       223

avg / total       0.92      0.93      0.92     33313
