             precision    recall  f1-score   support

          1       0.99      0.99      0.99     32239
          2       0.90      0.92      0.91      8836
          3       0.98      0.99      0.98     38594
          4       0.93      0.92      0.93      6205
          5       0.89      0.91      0.90      6478
          6       0.94      0.95      0.94      7850
          7       0.97      0.98      0.97     20972
          8       0.96      0.94      0.95      2392
          9       0.92      0.93      0.93     14528
         10       0.87      0.85      0.86      5512
         11       0.95      0.95      0.95     17152
         12       0.89      0.90      0.89      3417
         13       0.96      0.94      0.95      5989
         14       0.93      0.93      0.93     10922
         15       0.99      0.98      0.99      5363
         16       0.93      0.95      0.94       808
         17       0.96      0.96      0.96      5045
         18       0.90      0.88      0.89      3564
         19       0.90      0.70      0.79      1277
         20       0.83      0.62      0.71       219
         21       0.92      0.92      0.92      1323
         22       0.88      0.88      0.88      2639
         23       0.91      0.92      0.91       625
         24       0.00      0.00      0.00         2
         25       0.93      0.60      0.73       305
         26       0.90      0.80      0.85        35
         27       1.00      0.79      0.88        29
         28       0.88      0.46      0.60        63
         29       0.62      0.36      0.46        22
         30       0.88      0.83      0.85       530
         31       0.81      0.64      0.71        33
         32       1.00      0.46      0.63        24
         33       0.90      0.79      0.84       415
         34       0.98      0.95      0.97       329
         35       0.84      1.00      0.91        48

avg / total       0.95      0.95      0.95    203784
