             precision    recall  f1-score   support

          1       0.88      0.92      0.90      5912
          2       0.95      0.94      0.95      7522
          3       0.94      0.96      0.95      9793
          4       0.68      0.53      0.59       150
          5       0.96      0.93      0.94      4553
          6       0.85      0.86      0.85      1063
          7       0.84      0.85      0.84      1972
          8       0.90      0.92      0.91      3463
          9       0.85      0.91      0.88      3720
         10       0.85      0.82      0.84       630
         11       0.91      0.92      0.91       917
         12       0.94      0.93      0.94       557
         13       0.82      0.90      0.86       510
         14       0.00      0.00      0.00        22
         15       0.50      0.25      0.33         4
         17       0.81      0.77      0.79       109
         18       0.67      0.53      0.59        19
         19       0.81      0.53      0.64       120
         20       0.75      0.46      0.57       179
         21       0.54      0.29      0.38        87
         22       0.91      0.69      0.78        42
         23       0.42      0.31      0.36        88
         24       0.79      0.80      0.79       352
         25       0.65      0.49      0.56       158
         26       0.90      0.78      0.83       625
         27       0.64      0.68      0.66        69
         28       0.80      0.63      0.70       107
         29       0.74      0.55      0.63       330
         30       0.78      0.68      0.73        78
         31       0.82      0.57      0.68        89
         32       0.81      0.77      0.79        91
         33       0.79      0.74      0.77       351
         34       0.71      0.59      0.65       195
         35       0.75      0.53      0.62       418
         36       0.85      0.78      0.82       178
         37       0.72      0.86      0.78        56

avg / total       0.90      0.90      0.90     44529
