             precision    recall  f1-score   support

          1       0.99      1.00      0.99      5928
          2       0.95      0.90      0.92       155
          3       0.98      0.98      0.98       938
          4       0.87      0.96      0.91      2966
          5       0.82      0.87      0.84       263
          6       0.99      0.98      0.99       846
          7       0.99      0.97      0.98       292
          8       0.75      0.41      0.53       600
         10       0.92      0.91      0.92       696
         11       0.84      0.82      0.83        68
         12       0.86      0.85      0.85       272
         13       0.88      0.80      0.84       310
         14       0.92      0.90      0.91       395
         15       0.95      0.94      0.95       129
         16       0.96      0.92      0.94       359

avg / total       0.94      0.94      0.94     14217
