             precision    recall  f1-score   support

          1       0.95      0.94      0.94       423
          2       0.88      0.86      0.87       291
          3       0.95      0.90      0.92       198
          4       0.90      0.94      0.92       910
          5       0.90      0.91      0.91       503
          6       0.98      0.91      0.95        94
          8       0.97      0.83      0.90        88
         10       0.89      0.82      0.86       137

avg / total       0.91      0.91      0.91      2644
