             precision    recall  f1-score   support

          1       0.96      0.98      0.97      2355
          2       0.99      0.97      0.98      1342
          3       0.98      0.99      0.98      1164
          4       0.96      0.90      0.93       305
          5       0.84      0.72      0.77        67
          8       0.76      0.78      0.77       119
          9       0.88      0.82      0.85       149
         10       0.95      0.91      0.93       280

avg / total       0.96      0.96      0.96      5781
