             precision    recall  f1-score   support

          1       0.97      0.95      0.96      1374
          2       0.95      0.93      0.94      1274
          3       1.00      0.99      1.00      6045
          4       0.86      0.95      0.90      2358
          5       0.90      0.83      0.87       660
          6       0.88      0.76      0.82       295
          7       0.82      0.62      0.70        73
          9       0.64      0.59      0.62        98
         10       0.87      0.79      0.83       274
         11       0.98      0.90      0.94       185

avg / total       0.95      0.95      0.95     12636
