             precision    recall  f1-score   support

          1       0.96      0.96      0.96     33116
          2       0.97      0.99      0.98     30263
          3       0.80      0.51      0.62      3827
          4       0.95      0.94      0.94      3429
          5       0.62      0.72      0.66      2378
          6       0.73      0.76      0.74      1637
          7       0.86      0.60      0.70      1134
          8       0.75      0.58      0.65       311
          9       0.81      0.50      0.61       469
         10       0.26      0.12      0.17       121
         11       0.74      0.47      0.58       154
         12       0.00      0.00      0.00        19
         13       0.73      0.45      0.56       338
         14       0.32      0.62      0.42       905
         15       0.24      0.53      0.33       396

avg / total       0.92      0.92      0.92     78497
