             precision    recall  f1-score   support

          1       0.61      0.65      0.63      3081
          2       0.65      0.65      0.65       158
          3       0.58      0.54      0.56        82
          4       0.58      0.37      0.45       585
          5       0.79      0.86      0.82      1391
          6       0.56      0.38      0.45       130
          7       0.57      0.44      0.49       146
          9       0.92      0.89      0.90       268
         11       0.85      0.83      0.84       642
         12       0.67      0.55      0.60       113
         13       0.59      0.56      0.57       285
         14       0.70      0.84      0.76       385
         15       0.70      0.58      0.63       113
         16       0.59      0.64      0.61       161
         18       0.59      0.65      0.62       217
         19       0.65      0.67      0.66       196
         21       0.65      0.66      0.65       106
         22       0.65      0.48      0.55       117
         25       0.56      0.50      0.53       185
         26       0.60      0.53      0.56        99

avg / total       0.67      0.67      0.67      8460
