             precision    recall  f1-score   support

          1       0.98      0.86      0.91       355
          2       0.99      1.00      0.99     31936
          3       0.54      0.36      0.43       507
          4       0.75      0.75      0.75      1181
          5       0.83      0.70      0.76       248
          6       0.97      0.95      0.96       402
          7       0.89      0.81      0.85       499
         10       0.88      0.73      0.79       164

avg / total       0.97      0.97      0.97     35292
