             precision    recall  f1-score   support

          1       0.96      0.95      0.95      6943
          2       0.97      0.98      0.97      1890
          3       0.94      0.87      0.90       217
          4       0.96      0.90      0.93       484
          5       0.89      0.91      0.90      3243
          6       0.93      0.83      0.88       230
          7       0.86      0.86      0.86       214
          8       0.96      0.96      0.96       395

avg / total       0.94      0.94      0.94     13616
