             precision    recall  f1-score   support

          1       0.86      0.86      0.86        37
          2       0.89      0.83      0.86        75
          3       0.88      0.79      0.83       155
          4       1.00      0.67      0.80         3
          5       0.89      0.92      0.91       165
          6       0.82      0.75      0.78        24
          7       0.53      0.57      0.55        14
          8       0.95      0.98      0.97       183
          9       0.75      0.67      0.71        18
         10       0.33      0.14      0.20         7
         11       0.83      0.85      0.84        34
         12       0.80      0.33      0.47        12
         13       0.79      0.68      0.73        22
         14       1.00      0.29      0.44         7
         15       0.80      0.36      0.50        11
         16       0.79      0.88      0.83       182
         17       0.81      0.88      0.84       208

avg / total       0.85      0.85      0.85      1157
