             precision    recall  f1-score   support

          1       0.89      0.90      0.89      3981
          2       0.86      0.86      0.86      4190
          3       0.89      0.90      0.89      4005
          4       0.89      0.88      0.88      2260
          5       0.91      0.89      0.90      1470
          6       0.94      0.92      0.93       641
          8       0.68      0.64      0.66       326
          9       0.97      0.99      0.98       148
         11       0.76      0.82      0.79       146
         12       0.82      0.72      0.77        98

avg / total       0.88      0.88      0.88     17265
