             precision    recall  f1-score   support

          1       0.97      0.98      0.98      5685
          2       1.00      1.00      1.00      6108
          3       0.92      0.94      0.93       635
          4       0.85      0.85      0.85       575
          5       0.90      0.90      0.90       650
          6       0.97      0.94      0.95       403
          7       0.90      0.91      0.90       425
          8       0.99      0.89      0.93        97
          9       0.36      0.39      0.38        74
         11       0.82      0.60      0.69        84

avg / total       0.97      0.97      0.97     14736
