             precision    recall  f1-score   support

          1       0.93      0.96      0.94     76572
          2       0.99      0.99      0.99     48789
          3       0.94      0.93      0.93     33294
          4       0.97      0.98      0.98     30515
          5       0.88      0.78      0.83      8455
          6       0.92      0.93      0.92     16697
          7       0.92      0.74      0.82      2581
          8       0.94      0.93      0.93      7978
          9       0.97      0.96      0.96     19310
         10       0.90      0.92      0.91      1656
         11       0.86      0.82      0.84       733
         12       0.94      0.85      0.89      1064
         13       0.96      0.97      0.97      4686
         14       0.89      0.90      0.89      8161
         15       0.93      0.92      0.93      2192
         16       0.69      0.41      0.51       302
         17       0.86      0.80      0.83      2702
         18       0.81      0.87      0.84      3081
         19       0.78      0.66      0.72       885
         20       0.84      0.66      0.74       673
         21       0.96      0.94      0.95      3194
         22       0.90      0.81      0.85       576
         23       0.92      0.82      0.87       725
         24       0.97      0.95      0.96      2722
         25       0.94      0.97      0.95      1130
         26       0.85      0.90      0.87       137
         27       0.76      0.25      0.38       103
         28       0.62      0.21      0.32        47
         29       1.00      0.78      0.88         9
         30       0.95      0.98      0.97     14370
         31       0.93      0.94      0.94      7772
         32       0.63      0.77      0.69        22
         33       0.28      0.13      0.18        60
         34       0.24      0.04      0.07       102
         35       0.95      0.99      0.97       139
         36       0.70      0.77      0.73      1499
         37       0.78      0.13      0.22        54
         38       0.62      0.18      0.28        28
         39       0.96      0.99      0.98       162
         40       0.89      0.64      0.75       227
         41       0.76      0.62      0.68        47
         42       0.96      0.96      0.96        89
         43       0.47      0.46      0.47       382
         44       0.44      0.44      0.44       430
         45       0.90      0.94      0.92      5225
         46       0.50      0.03      0.05        37
         47       0.83      0.40      0.54        25
         48       0.50      0.03      0.05        37
         49       0.60      0.32      0.42       201
         50       0.98      0.96      0.97      2166
         51       0.52      0.26      0.34       167
         52       0.49      0.17      0.26       103
         53       0.89      0.91      0.90      2437
         54       0.94      0.92      0.93       944
         55       0.85      0.72      0.78      1493
         56       1.00      0.75      0.86        65
         57       0.70      0.43      0.53      5961
         58       0.50      0.15      0.23        40
         59       0.86      0.74      0.80      2950
         60       0.72      0.13      0.22       256
         61       0.61      0.17      0.27       398
         62       0.80      0.91      0.85     24554
         63       0.85      0.80      0.83       880
         64       0.86      0.71      0.78      2441
         65       0.93      0.91      0.92      2804
         66       0.89      0.83      0.86      2674

avg / total       0.92      0.92      0.92    360210
