             precision    recall  f1-score   support

          1       0.96      1.00      0.98     10496
          2       0.99      1.00      0.99      5760
          3       0.94      0.84      0.89       205
          4       1.00      1.00      1.00      2154
          5       0.96      0.96      0.96      2747
          6       0.95      0.94      0.95       387
          7       0.94      0.89      0.92       247
          8       0.00      0.00      0.00       365

avg / total       0.96      0.97      0.97     22361
