             precision    recall  f1-score   support

          1       0.94      0.90      0.92      5059
          2       0.86      0.89      0.87      2753
          3       0.92      0.87      0.89      2015
          4       0.86      0.79      0.82      2318
          5       0.90      0.81      0.85      6212
          6       0.69      0.27      0.39       347
          7       0.84      0.60      0.70       890
          8       0.68      0.48      0.56       151
          9       0.97      0.90      0.93      1050
         10       0.92      0.70      0.79       126
         11       0.33      0.07      0.12        70
         12       0.99      1.00      0.99       217
         13       0.90      0.25      0.40        71
         14       0.90      0.68      0.77       128
         15       1.00      0.21      0.35        28
         16       0.40      0.09      0.15        45
         17       0.49      0.54      0.51       475
         18       0.50      0.50      0.50      1792
         19       0.47      0.51      0.49       213
         20       0.72      0.72      0.72      6022
         21       0.76      0.77      0.76      2728
         22       0.92      0.91      0.92      2390
         23       0.95      0.99      0.97     42812

avg / total       0.89      0.90      0.89     77912
