             precision    recall  f1-score   support

          1       0.91      0.93      0.92     18611
          2       0.95      0.97      0.96      8718
          3       0.97      0.99      0.98     21172
          4       0.92      0.94      0.93      7563
          5       0.84      0.79      0.81      4789
          6       0.72      0.65      0.68      1596
          7       0.90      0.88      0.89      1242
          8       0.70      0.50      0.58      1155
          9       0.67      0.13      0.21        79

avg / total       0.92      0.93      0.92     64925
