             precision    recall  f1-score   support

          1       0.97      0.97      0.97      5315
          2       0.98      0.99      0.99     23155
          3       0.86      0.47      0.61       240
          4       0.83      0.68      0.75       211
          5       0.83      0.80      0.82       529
          6       0.90      0.39      0.54        49
          7       0.80      0.72      0.76        94
          8       0.79      0.35      0.48       127
          9       0.77      0.74      0.75        31
         10       0.89      0.74      0.81       301

avg / total       0.97      0.97      0.97     30052
