             precision    recall  f1-score   support

          1       0.87      0.88      0.88      4368
          2       0.96      0.95      0.95       480
          3       0.99      0.99      0.99      1691
          4       0.72      0.74      0.73      1955
          5       0.95      0.79      0.87       106
          6       0.00      0.00      0.00         8
          7       0.50      0.04      0.07        26
          8       0.73      0.75      0.74       193
          9       0.80      0.77      0.79       142

avg / total       0.86      0.86      0.86      8969
