             precision    recall  f1-score   support

          1       0.93      0.95      0.94      9666
          2       0.98      0.97      0.97      3797
          3       0.89      0.82      0.85      9043
          4       0.67      0.84      0.74      3166
          5       0.93      0.91      0.92       674
          6       0.86      0.79      0.83      1290
          7       0.95      0.94      0.95       277
          8       0.80      0.77      0.78        98
          9       0.00      0.00      0.00         2
         10       0.94      0.87      0.91       284
         11       0.90      0.89      0.90      3894
         12       0.86      0.23      0.36        26

avg / total       0.89      0.89      0.89     32217
