             precision    recall  f1-score   support

          1       0.92      0.94      0.93     48309
          2       0.87      0.90      0.88     30441
          3       0.84      0.74      0.78      8312
          4       0.85      0.78      0.81      1563
          5       0.63      0.39      0.48      1587
          6       0.85      0.78      0.81      1726
          7       0.74      0.35      0.47        40
          8       0.00      0.00      0.00         1
          9       0.00      0.00      0.00         0
         10       0.88      0.93      0.90      3798
         11       0.67      0.64      0.65        28
         12       0.49      0.28      0.36       141
         13       0.89      0.91      0.90      2969
         14       1.00      0.45      0.62        22
         15       0.80      0.79      0.79       729
         16       0.80      0.78      0.79      1755
         17       0.00      0.00      0.00        24
         18       0.94      0.95      0.94        94
         19       0.86      0.74      0.80       259
         20       0.81      0.66      0.73       689
         21       0.76      0.68      0.72        28
         22       0.75      0.62      0.68        66
         23       0.90      0.93      0.91      2518
         24       0.83      0.56      0.67       322
         25       0.82      0.82      0.82       139
         26       0.86      0.93      0.89       479
         27       0.89      0.92      0.91      2514
         28       0.73      0.76      0.74       374
         29       0.74      0.59      0.65       121
         30       0.77      0.70      0.73       148
         31       0.49      0.29      0.36       287
         32       0.74      0.76      0.75      1042
         33       0.76      0.81      0.79      1244
         34       0.45      0.20      0.28        25
         35       0.86      0.76      0.81        42
         36       0.79      0.73      0.76      2488
         37       0.68      0.71      0.69       163
         38       0.69      0.56      0.62       282
         39       0.89      0.93      0.91      4368
         40       0.91      0.95      0.93      1041
         41       0.44      0.13      0.20        54
         42       0.92      0.44      0.59        25
         43       0.91      0.73      0.81        81
         44       0.73      0.54      0.62      1859
         45       0.85      0.86      0.85      1192
         46       0.68      0.24      0.35        72
         47       0.91      0.77      0.83       116
         48       0.71      0.79      0.75       624
         49       0.70      0.83      0.76       120
         50       0.70      0.80      0.75      1250
         51       0.71      0.72      0.71       171
         52       0.93      0.94      0.94       485
         53       0.88      0.88      0.88       875
         54       0.34      0.07      0.11       442
         55       0.83      0.76      0.79       289
         56       0.85      0.97      0.91       167
         57       0.16      0.02      0.03       175
         58       0.67      0.56      0.61        25
         59       0.67      0.48      0.56       390

avg / total       0.87      0.87      0.87    128590
