             precision    recall  f1-score   support

          1       0.78      0.59      0.67       331
          2       0.90      0.94      0.92      8741
          3       0.72      0.56      0.63      1327
          4       0.81      0.74      0.77       307
          5       0.82      0.82      0.82       620
          6       0.85      0.83      0.84      1064
          7       0.85      0.86      0.85       288
          8       0.82      0.74      0.78       486
          9       0.75      0.74      0.74       242
         10       0.82      0.87      0.84       298

avg / total       0.86      0.87      0.86     13704
