             precision    recall  f1-score   support

          1       0.82      0.81      0.81      7797
          2       0.98      0.98      0.98     75499
          3       0.97      0.98      0.98     41822
          4       0.69      0.27      0.39       125
          5       0.92      0.63      0.75       298
          6       0.00      0.00      0.00         3
          7       0.97      0.95      0.96     14398
          8       0.90      0.67      0.77       169

avg / total       0.97      0.97      0.97    140111
