             precision    recall  f1-score   support

          1       0.87      0.88      0.87      2924
          2       0.82      0.86      0.84      1844
          3       0.98      0.99      0.98     12552
          4       0.86      0.85      0.86      3185
          5       0.82      0.72      0.76       928
          6       0.89      0.88      0.89       198
          7       0.67      0.56      0.61        25
          8       0.74      0.59      0.66       182
          9       0.96      0.93      0.95       888
         10       0.95      0.94      0.95      5458

avg / total       0.93      0.93      0.93     28184
