             precision    recall  f1-score   support

          1       0.98      0.98      0.98      2051
          2       0.81      0.79      0.80      4105
          3       0.72      0.64      0.68       424
          4       0.98      0.99      0.98     15258
          5       0.95      0.98      0.97     17155
          6       0.84      0.77      0.80      3321
          7       0.99      0.99      0.99      7012
          8       0.99      0.99      0.99      7711
          9       0.80      0.58      0.67       277
         10       0.92      0.94      0.93      3295
         11       0.83      0.87      0.85      5509
         12       0.99      0.99      0.99      1415
         13       0.92      0.93      0.93      3587
         14       0.91      0.89      0.90       796
         15       0.85      0.80      0.82       256
         16       0.86      0.96      0.91      3182
         17       0.89      0.90      0.89       932
         18       0.98      0.99      0.99      1140
         19       0.83      0.90      0.86      3885
         20       0.99      0.97      0.98      2971
         21       0.93      0.94      0.94      1055
         22       0.70      0.67      0.69      1436
         23       0.88      0.88      0.88      3907
         24       0.94      0.95      0.95       831
         25       0.73      0.42      0.53       426
         26       0.99      0.98      0.98      3373
         27       0.95      0.98      0.96      1560
         28       0.86      0.87      0.86       503
         29       0.64      0.48      0.55       479
         30       0.95      0.94      0.94      1210
         31       0.86      0.87      0.86       727
         32       0.90      0.90      0.90      1023
         33       0.95      0.94      0.95      1067
         34       0.86      0.83      0.85       824
         35       0.91      0.91      0.91       222
         36       0.89      0.67      0.76        24
         37       0.76      0.63      0.69       225
         38       0.00      0.00      0.00         3
         39       0.73      0.22      0.34        50
         40       0.70      0.63      0.66       110
         41       0.90      0.75      0.82        76
         42       0.92      0.29      0.44        41
         43       0.70      0.07      0.13       228
         44       0.58      0.26      0.36        81
         45       0.92      0.52      0.67        21
         46       0.85      0.34      0.49        99
         47       0.89      0.70      0.78        57
         48       0.87      0.79      0.83        34
         49       0.67      0.10      0.17        40
         50       0.86      0.52      0.65        23
         52       0.94      0.83      0.88        18
         53       1.00      0.78      0.88         9
         54       1.00      1.00      1.00         1
         55       0.95      0.83      0.89        42
         56       1.00      0.39      0.56        18
         57       1.00      0.33      0.50         6
         58       0.67      0.50      0.57         4
         59       1.00      0.83      0.91         6
         60       0.00      0.00      0.00         2
         61       0.00      0.00      0.00         2
         62       0.00      0.00      0.00         2
         63       0.00      0.00      0.00         3
         64       0.98      0.99      0.98      1841
         65       0.98      0.53      0.68        76

avg / total       0.93      0.93      0.93    106067
