             precision    recall  f1-score   support

          1       0.97      0.98      0.97     11235
          2       0.93      0.95      0.94      6020
          3       0.84      0.88      0.86       893
          4       0.86      0.85      0.85      1010
          5       0.96      0.94      0.95      2449
          6       0.96      0.93      0.94       363
          7       0.88      0.82      0.85      1049
          8       0.92      0.82      0.87      1869
          9       0.84      0.70      0.77       226
         10       0.79      0.81      0.80       200

avg / total       0.94      0.94      0.94     25314
