             precision    recall  f1-score   support

          1       0.94      0.91      0.93      1572
          2       0.93      0.93      0.93       661
          3       0.85      0.52      0.65       204
          4       0.94      0.86      0.90       265
          5       1.00      0.93      0.97        46
          6       1.00      0.67      0.80         3
          7       1.00      0.93      0.96        40
          8       0.97      0.94      0.96       273
          9       0.71      0.59      0.64       423
         10       0.82      0.80      0.81       114
         11       0.91      0.96      0.94      4422

avg / total       0.91      0.91      0.91      8023
