             precision    recall  f1-score   support

          1       0.61      0.58      0.60        60
          2       0.83      0.83      0.83       156
          3       0.82      0.82      0.82        82
          4       0.94      0.80      0.86        20
          5       0.91      0.98      0.94        41
          6       0.94      0.88      0.91        33
          7       0.65      0.73      0.69        41
         10       0.83      0.83      0.83        30

avg / total       0.80      0.80      0.80       463
