             precision    recall  f1-score   support

          1       0.88      0.88      0.88       407
          2       0.88      0.95      0.91       389
          3       0.90      0.91      0.90       302
          4       0.95      0.96      0.95       607
          5       0.95      0.93      0.94       245
          6       0.98      0.97      0.97       442
          7       0.82      0.66      0.73        77
          8       0.91      0.79      0.85       102

avg / total       0.92      0.92      0.92      2571
