             precision    recall  f1-score   support

          2       0.91      0.88      0.89        81
          3       0.94      0.95      0.95      1729
          4       0.94      0.94      0.94       420
          5       0.88      0.57      0.69        75
          6       0.94      0.88      0.91       388
          7       0.97      0.95      0.96       388
          8       0.92      0.93      0.93       747
          9       0.86      0.88      0.87       650
         10       0.93      0.89      0.91        84
         14       0.88      0.92      0.90       318
         15       0.58      0.65      0.61       116

avg / total       0.92      0.92      0.92      4996
