             precision    recall  f1-score   support

          1       0.95      0.93      0.94      4352
          2       0.98      0.99      0.99     25560
          3       0.95      0.95      0.95      7129
          4       0.96      0.96      0.96     10560
          5       0.95      0.95      0.95     10391
          6       0.96      0.94      0.95      7094
          7       0.95      0.84      0.89       852
          8       0.98      0.97      0.97      1653

avg / total       0.96      0.96      0.96     67591
