             precision    recall  f1-score   support

          1       0.83      0.88      0.85      4342
          2       0.98      1.00      0.99      1987
          3       0.88      0.82      0.85       287
          4       0.89      0.83      0.86       557
          5       0.73      0.35      0.48       196
          6       0.97      0.89      0.93       473
          7       0.83      0.37      0.51        51
          8       0.74      0.48      0.58        83
          9       0.96      0.39      0.56        56
         10       1.00      0.20      0.33        35
         11       1.00      0.33      0.49        40
         12       0.68      0.25      0.37        68
         13       0.71      0.23      0.34        22
         14       0.92      0.99      0.96      5644
         15       0.92      0.95      0.94       707
         16       0.95      0.96      0.96       498
         17       0.95      0.99      0.97       486
         18       0.95      0.96      0.95       197
         19       0.85      0.59      0.69       675
         20       0.63      0.58      0.60      1530
         21       0.83      0.84      0.84       217

avg / total       0.88      0.88      0.87     18151
