             precision    recall  f1-score   support

          1       0.96      0.98      0.97      2355
          2       0.98      0.98      0.98      1342
          3       0.98      0.99      0.98      1164
          4       0.95      0.92      0.93       306
          5       0.93      0.54      0.69        68
          8       0.78      0.71      0.75       119
          9       0.85      0.73      0.79       150
         10       0.92      0.90      0.91       280

avg / total       0.96      0.96      0.96      5784
