             precision    recall  f1-score   support

          1       0.91      0.90      0.90      1647
          3       0.93      0.96      0.95      3136
          4       0.96      0.86      0.90       104
          5       0.84      0.61      0.70        76
          6       0.97      0.95      0.96       903
          7       0.98      0.83      0.90       126
          9       0.90      0.90      0.90        79
         14       0.94      0.78      0.85        78

avg / total       0.93      0.93      0.93      6149
