             precision    recall  f1-score   support

          1       0.99      1.00      0.99     39810
          2       0.75      0.71      0.73       725
          3       0.53      0.42      0.47       821
          4       0.95      0.97      0.96      6400
          5       0.94      0.94      0.94      1568
          6       0.59      0.45      0.51       878
          7       0.67      0.48      0.56       972
          9       0.86      0.88      0.87      1303
         10       0.90      0.93      0.91      1336
         11       0.89      0.94      0.91      2411
         12       0.94      0.96      0.95      1171
         13       0.69      0.78      0.73       849
         14       0.70      0.75      0.72      1671
         15       0.92      0.89      0.91       493
         16       0.92      0.94      0.93       459
         17       0.86      0.78      0.82       400
         18       0.63      0.55      0.59       229
         19       0.92      0.93      0.92       642
         20       0.86      0.73      0.79       270

avg / total       0.94      0.94      0.94     62408
