             precision    recall  f1-score   support

          1       0.97      0.99      0.98      9459
          2       0.96      0.97      0.96      6885
          3       0.79      0.73      0.76       341
          4       0.84      0.90      0.87      1675
          5       0.71      0.66      0.69       397
          6       0.82      0.86      0.84       348
          7       0.78      0.82      0.80       279
          8       1.00      0.60      0.75         5
          9       0.93      0.83      0.88       224
         10       0.88      0.88      0.88       298
         11       0.86      0.71      0.78       386
         12       0.58      0.44      0.50       173
         13       0.74      0.85      0.79        53
         14       0.69      0.47      0.56       118
         15       0.55      0.60      0.57        20
         16       0.38      0.08      0.13        64
         17       0.20      0.11      0.14         9
         18       0.53      0.44      0.48        18
         19       0.00      0.00      0.00         1
         20       1.00      0.42      0.59        19
         21       0.94      0.81      0.87       283
         22       0.81      0.60      0.69        43
         23       1.00      0.81      0.89        21
         24       0.89      0.61      0.73       166

avg / total       0.93      0.93      0.93     21285
