             precision    recall  f1-score   support

          1       0.87      0.98      0.92     11581
          2       0.46      0.17      0.25      9699
          3       0.71      0.87      0.78      4860
          4       0.97      0.97      0.97     10917
          5       0.59      0.69      0.64      1735
          6       0.70      0.88      0.78      4194
          7       0.78      0.93      0.85      6256
          8       0.68      0.87      0.76      3044
          9       0.60      0.80      0.69      2334
         10       0.97      0.97      0.97      2640
         12       0.89      0.92      0.90       651
         13       0.39      0.12      0.19      1142
         14       0.62      0.73      0.67      1946
         15       0.65      0.50      0.57       335
         16       0.67      0.44      0.53       372
         17       0.68      0.74      0.71       367
         18       0.68      0.63      0.66       126

avg / total       0.75      0.78      0.75     62199
