             precision    recall  f1-score   support

          1       0.91      0.88      0.89       111
          2       0.95      0.97      0.96       238
          3       0.57      0.57      0.57       264
          4       0.83      0.83      0.83      1122
          5       0.88      0.86      0.87       154
          7       0.95      0.96      0.96       416
          9       0.90      0.92      0.91       241
         11       0.90      0.90      0.90       503
         12       0.82      0.73      0.77       121
         14       0.55      0.61      0.58        67
         17       0.95      0.93      0.94       162

avg / total       0.85      0.85      0.85      3399
