             precision    recall  f1-score   support

          1       0.78      0.94      0.85     16597
          2       0.81      0.77      0.79      1975
          3       0.68      0.50      0.57       790
          4       0.58      0.09      0.16       585
          5       0.54      0.15      0.23      1996
          6       0.51      0.18      0.27       683
          7       0.92      0.90      0.91       423
          8       0.56      0.29      0.38       930
          9       0.51      0.11      0.17       228
         10       0.62      0.25      0.36       136
         11       0.90      0.62      0.74       101
         12       0.51      0.30      0.38       213

avg / total       0.73      0.76      0.72     24657
