             precision    recall  f1-score   support

          1       0.98      0.98      0.98     18508
          2       0.97      0.98      0.98     15535
          3       0.97      0.97      0.97      4308
          4       0.95      0.97      0.96       569
          5       0.99      0.91      0.95      1578
          6       0.40      0.67      0.50        18
          7       0.65      0.74      0.69      2157
          8       0.55      0.37      0.44       627
          9       0.27      0.20      0.23        20
         10       0.99      0.98      0.99       785
         11       0.57      0.51      0.54      1225

avg / total       0.94      0.94      0.94     45330
