             precision    recall  f1-score   support

          1       0.95      0.99      0.97      2355
          2       0.98      0.98      0.98      1342
          3       0.98      0.98      0.98      1164
          4       0.97      0.91      0.94       306
          5       0.90      0.66      0.76        68
          8       0.84      0.62      0.71       119
          9       0.85      0.78      0.82       150
         10       0.92      0.93      0.92       280

avg / total       0.96      0.96      0.96      5784
