             precision    recall  f1-score   support

          1       0.99      0.99      0.99     35805
          2       0.99      0.99      0.99     49035
          3       0.96      0.99      0.97       885
          4       0.99      0.98      0.98      4344
          5       1.00      0.99      0.99     35863
          6       1.00      1.00      1.00     14997
          7       0.95      0.96      0.96      2698
          8       0.86      0.92      0.89      1177
          9       0.96      0.95      0.96      2198
         10       0.84      0.79      0.81       375
         11       0.85      0.53      0.66      1622
         12       0.85      0.86      0.86       534
         13       0.96      0.98      0.97      2973
         14       0.93      0.83      0.88       364
         15       0.96      0.93      0.95      1739
         16       0.90      0.92      0.91      2707
         17       0.84      0.80      0.82       450
         18       0.87      0.81      0.84       267
         19       0.88      0.79      0.83       557
         20       0.96      0.86      0.91        58
         21       0.38      0.10      0.15        31
         22       0.95      0.96      0.95      1279
         23       0.88      0.87      0.87       213
         24       0.87      0.94      0.91       118
         25       0.91      0.76      0.83        41
         26       0.82      0.82      0.82       137
         27       0.78      0.47      0.58        15
         29       0.00      0.00      0.00         1
         30       0.60      0.37      0.46       493
         31       0.36      0.68      0.47       352
         32       0.78      0.92      0.84      1591
         33       0.74      0.81      0.78       328
         34       0.82      0.90      0.86      1610
         35       0.81      0.71      0.75       351
         36       0.71      0.37      0.49       574

avg / total       0.97      0.97      0.97    165782
