             precision    recall  f1-score   support

          1       0.88      0.92      0.90      5911
          2       0.95      0.94      0.95      7522
          3       0.95      0.96      0.95      9792
          4       0.62      0.48      0.54       150
          5       0.96      0.94      0.95      4553
          6       0.88      0.88      0.88      1062
          7       0.85      0.86      0.85      1971
          8       0.90      0.92      0.91      3463
          9       0.84      0.90      0.87      3720
         10       0.88      0.85      0.86       630
         11       0.91      0.92      0.92       917
         12       0.95      0.94      0.95       557
         13       0.88      0.89      0.89       510
         14       0.00      0.00      0.00        22
         15       1.00      0.33      0.50         3
         17       0.91      0.85      0.88       108
         18       0.79      0.58      0.67        19
         19       0.74      0.52      0.61       120
         20       0.69      0.44      0.54       179
         21       0.37      0.22      0.28        86
         22       0.84      0.63      0.72        41
         23       0.57      0.34      0.43        88
         24       0.79      0.79      0.79       351
         25       0.69      0.40      0.51       158
         26       0.89      0.77      0.83       625
         27       0.60      0.61      0.60        69
         28       0.73      0.62      0.67       106
         29       0.71      0.54      0.61       330
         30       0.79      0.59      0.68        78
         31       0.86      0.82      0.84        89
         32       0.81      0.66      0.72        90
         33       0.78      0.75      0.77       350
         34       0.73      0.64      0.68       194
         35       0.71      0.55      0.62       418
         36       0.84      0.69      0.76       177
         37       0.80      0.88      0.84        56

avg / total       0.90      0.90      0.90     44515
