             precision    recall  f1-score   support

          1       0.96      0.94      0.95      1374
          2       0.94      0.93      0.94      1274
          3       0.99      0.99      0.99      6045
          4       0.87      0.95      0.91      2359
          5       0.91      0.85      0.88       660
          6       0.88      0.85      0.86       295
          7       0.91      0.70      0.79        73
          9       0.80      0.45      0.58        98
         10       0.92      0.80      0.85       274
         11       0.97      0.96      0.96       186

avg / total       0.95      0.95      0.95     12638
