             precision    recall  f1-score   support

          1       0.76      0.57      0.65      1815
          2       0.86      0.89      0.88      3717
          3       0.89      0.94      0.91     13059
          4       0.79      0.86      0.82       903
          5       0.81      0.76      0.79       833
          6       0.88      0.89      0.89       758
          7       0.82      0.80      0.81      1399
          8       0.67      0.67      0.67       810
          9       0.82      0.86      0.84      2123
         10       0.80      0.73      0.76      1158
         11       0.00      0.00      0.00         1
         12       0.91      0.82      0.86        38
         13       0.95      0.97      0.96        40
         14       0.76      0.51      0.61       153
         15       0.74      0.80      0.76        49
         16       0.83      0.60      0.70       361
         17       0.90      0.63      0.74        57
         18       0.86      0.78      0.82       103
         19       0.78      0.70      0.74        30
         20       0.92      0.88      0.90       137
         21       0.78      0.65      0.71       142
         22       0.83      0.72      0.77       800
         23       0.89      0.52      0.66        61
         24       0.81      0.52      0.63       188
         25       0.92      0.67      0.77       259
         26       0.78      0.80      0.79        59
         27       0.79      0.77      0.78       382

avg / total       0.85      0.85      0.85     29435
