             precision    recall  f1-score   support

          1       0.98      0.98      0.98      2051
          2       0.81      0.80      0.80      4104
          3       0.77      0.71      0.74       423
          4       0.98      0.99      0.98     15257
          5       0.96      0.98      0.97     17155
          6       0.82      0.78      0.80      3321
          7       0.99      0.99      0.99      7011
          8       0.99      0.99      0.99      7710
          9       0.85      0.48      0.61       277
         10       0.91      0.94      0.93      3295
         11       0.84      0.86      0.85      5509
         12       1.00      0.99      1.00      1414
         13       0.93      0.93      0.93      3586
         14       0.92      0.90      0.91       795
         15       0.84      0.89      0.86       256
         16       0.87      0.96      0.91      3182
         17       0.89      0.88      0.88       932
         18       0.97      0.99      0.98      1139
         19       0.84      0.89      0.87      3884
         20       0.97      0.97      0.97      2971
         21       0.95      0.93      0.94      1055
         22       0.70      0.65      0.67      1436
         23       0.87      0.88      0.88      3907
         24       0.96      0.94      0.95       831
         25       0.62      0.35      0.45       426
         26       0.98      0.98      0.98      3373
         27       0.95      0.97      0.96      1560
         28       0.89      0.86      0.87       503
         29       0.59      0.49      0.54       478
         30       0.95      0.95      0.95      1210
         31       0.81      0.85      0.83       726
         32       0.89      0.91      0.90      1023
         33       0.95      0.94      0.95      1066
         34       0.86      0.80      0.83       823
         35       0.88      0.88      0.88       222
         36       0.84      0.70      0.76        23
         37       0.76      0.67      0.71       225
         38       0.00      0.00      0.00         2
         39       0.56      0.10      0.17        50
         40       0.68      0.65      0.66       110
         41       0.96      0.59      0.73        76
         42       0.50      0.20      0.28        41
         43       0.67      0.08      0.14       228
         44       0.71      0.30      0.42        80
         45       0.84      0.76      0.80        21
         46       0.70      0.33      0.44        98
         47       0.98      0.72      0.83        57
         48       0.96      0.76      0.85        34
         49       0.90      0.23      0.36        40
         50       0.83      0.22      0.34        23
         52       0.79      0.83      0.81        18
         53       1.00      0.12      0.22         8
         54       0.00      0.00      0.00         1
         55       0.94      0.79      0.86        42
         56       0.67      0.24      0.35        17
         57       1.00      0.17      0.29         6
         58       1.00      0.33      0.50         3
         59       0.56      0.83      0.67         6
         60       0.00      0.00      0.00         2
         61       0.00      0.00      0.00         2
         62       1.00      1.00      1.00         1
         63       0.00      0.00      0.00         2
         64       0.98      0.98      0.98      1840
         65       0.86      0.57      0.68        76

avg / total       0.92      0.93      0.92    106043
