             precision    recall  f1-score   support

          1       0.80      0.86      0.83     29296
          2       0.80      0.79      0.79     11531
          3       0.83      0.82      0.82      7426
          4       0.52      0.14      0.23      1049
          5       0.66      0.49      0.57      1409
          6       0.57      0.27      0.37       575
          7       0.68      0.21      0.32       450
          9       0.44      0.28      0.34       258
         10       0.69      0.05      0.10       170

avg / total       0.79      0.80      0.79     52164
