             precision    recall  f1-score   support

          1       1.00      1.00      1.00     13029
          2       0.97      0.99      0.98     25223
          3       0.93      0.88      0.91      6065
          4       0.95      0.94      0.95      5203
          5       0.97      0.97      0.97      5351
          6       0.85      0.67      0.75       270
          7       0.96      0.88      0.92       238
          8       0.92      0.86      0.89       787
          9       0.98      0.77      0.86        53
         10       0.92      0.71      0.80       175
         11       0.82      0.72      0.77        85
         12       0.85      0.82      0.84       185
         13       0.74      0.41      0.53        34
         14       0.00      0.00      0.00         4
         15       0.76      0.65      0.70        93
         16       0.86      0.92      0.89       150

avg / total       0.97      0.97      0.97     56945
