             precision    recall  f1-score   support

          1       0.84      0.92      0.88       137
          2       0.96      0.98      0.97      5816
          3       0.94      0.94      0.94        31
          4       0.79      0.87      0.83       549
          5       0.87      0.72      0.79       602
          6       0.95      0.95      0.95      5722
          7       0.93      0.95      0.94      2749
          8       0.94      0.94      0.94      4079
          9       0.81      0.83      0.82       307
         10       0.88      0.92      0.90      5440
         11       0.96      0.98      0.97       107
         12       0.96      0.94      0.95      2175
         13       0.79      0.71      0.75      1692
         14       0.88      0.93      0.90      8244
         15       0.86      0.90      0.88      3426
         16       0.93      0.97      0.95      5284
         17       0.95      0.95      0.95      3525
         18       0.97      0.97      0.97      4090
         19       0.96      0.98      0.97       402
         20       0.83      0.85      0.84       709
         21       0.85      0.92      0.88      1554
         22       0.90      0.94      0.92      1305
         23       0.71      0.62      0.66       176
         24       0.83      0.80      0.82       116
         25       0.89      0.89      0.89       739
         26       0.91      0.90      0.90      1179
         27       0.89      0.90      0.89       271
         28       0.97      0.97      0.97       852
         29       0.85      0.93      0.88       267
         30       0.92      0.75      0.83        76
         31       0.71      0.60      0.65       783
         32       0.80      0.79      0.79       341
         33       0.93      0.94      0.93       488
         34       0.87      0.88      0.87      3319
         35       0.68      0.62      0.65       787
         36       0.86      0.81      0.83       706
         37       0.93      0.98      0.96       529
         38       0.98      0.95      0.97       474
         39       0.62      0.58      0.60       431
         40       0.87      0.92      0.90      4404
         41       0.96      0.93      0.94       629
         42       0.92      0.96      0.94      1076
         43       0.86      0.89      0.88       551
         44       0.76      0.70      0.73       312
         45       0.78      0.58      0.67       326
         46       0.93      0.95      0.94       809
         47       0.59      0.40      0.48        98
         48       0.54      0.52      0.53       105
         49       0.98      0.98      0.98       599
         50       0.87      0.95      0.91      1040
         51       0.94      0.97      0.95       356
         52       0.78      0.78      0.78       775
         53       0.92      0.96      0.94       659
         54       0.83      0.77      0.80       519
         55       0.85      0.85      0.85       377
         56       0.87      0.89      0.88      1702
         57       0.70      0.35      0.47       203
         58       0.71      0.65      0.68       114
         59       0.97      0.99      0.98       424
         60       0.92      0.93      0.92       258
         61       0.75      0.90      0.82       240
         62       0.92      0.93      0.93      1138
         63       0.95      0.86      0.90       222
         64       0.86      0.91      0.88       692
         65       0.84      0.83      0.83       340
         66       0.81      0.77      0.79       274
         67       0.74      0.80      0.77       132
         68       0.96      0.95      0.96       650
         69       0.90      0.90      0.90      2633
         70       0.93      0.92      0.93       675
         71       0.93      0.92      0.93       372
         72       0.78      0.72      0.75       138
         73       0.89      0.88      0.88       114
         74       0.88      0.89      0.89       301
         75       0.86      0.87      0.87       431
         76       0.79      0.90      0.84        82
         77       0.83      0.62      0.71        69
         78       0.76      0.76      0.76       613
         79       0.91      0.85      0.88       884
         80       0.75      0.67      0.71        27
         81       0.88      0.88      0.88       257
         82       0.85      0.92      0.89        38
         83       0.93      0.86      0.89       121
         84       0.82      0.80      0.81       430
         85       0.94      0.94      0.94        71
         86       0.77      0.85      0.81       155
         87       0.74      0.87      0.80        39
         88       0.74      0.59      0.65       398
         89       0.83      0.56      0.67       518
         90       0.76      0.77      0.76       262
         91       0.90      0.95      0.93       219
         92       0.82      0.87      0.84       226
         93       0.74      0.68      0.71       498
         94       0.67      0.26      0.38        76
         95       0.79      0.73      0.76       135
         96       0.96      0.90      0.93        51
         97       0.82      0.79      0.80       297
         98       0.56      0.40      0.47       102
        100       0.77      0.82      0.79       522
        101       0.71      0.74      0.72       169
        102       0.91      1.00      0.96        32
        103       0.89      0.90      0.90       378
        104       0.72      0.76      0.74       225
        105       0.81      0.69      0.75       185
        106       0.86      0.47      0.60       105
        107       0.90      0.33      0.49        27
        108       0.61      0.35      0.45        93
        109       0.93      0.87      0.90        15
        110       1.00      0.90      0.95        52
        111       0.70      0.70      0.70       221
        112       0.91      1.00      0.95        29
        113       0.80      0.89      0.84         9
        115       0.81      0.63      0.71       134
        116       0.79      0.43      0.56        44
        117       0.78      0.88      0.83       162
        118       0.67      0.35      0.45       139
        119       0.92      0.69      0.79        84
        120       0.93      0.86      0.89        44
        121       0.52      0.43      0.47        93
        122       0.64      0.29      0.39        49
        123       0.74      0.50      0.60        50
        124       0.89      0.96      0.92       158
        125       0.77      0.53      0.62        19
        126       0.73      0.69      0.71        16
        127       0.88      0.91      0.89       109
        128       0.80      0.85      0.83       108
        129       0.67      0.20      0.31        20
        130       0.74      0.59      0.65        85
        131       0.90      0.88      0.89        93
        132       0.67      0.66      0.66        87
        133       0.97      0.88      0.92        80
        134       0.93      0.91      0.92       355
        135       0.62      0.45      0.53        11
        136       0.74      0.55      0.63        53
        138       0.78      0.12      0.21        58
        139       0.92      0.95      0.94        38
        140       0.00      0.00      0.00        14
        141       0.53      0.26      0.35        69
        142       0.83      0.89      0.86        28
        143       0.83      0.65      0.73        88
        144       0.41      0.37      0.39        87
        145       0.22      0.20      0.21        10
        146       0.61      0.49      0.54        80
        147       1.00      0.80      0.89        10
        148       0.57      0.43      0.49        28
        150       0.76      0.46      0.58        28
        152       0.85      0.23      0.37        47
        153       0.83      0.75      0.79        71
        154       0.97      0.93      0.95        40
        155       0.82      0.90      0.86        69
        156       0.62      0.50      0.56        20
        157       0.77      0.86      0.81        76
        158       0.00      0.00      0.00         8
        161       0.62      0.48      0.54        50
        163       0.60      0.69      0.64        26
        164       0.61      0.30      0.40        37
        165       0.77      0.67      0.71        15
        166       0.93      0.72      0.81        18
        167       0.63      0.50      0.56        62
        168       0.84      0.82      0.83        44
        170       0.78      0.30      0.44        23
        172       0.00      0.00      0.00        13
        173       0.79      0.79      0.79        47
        174       0.50      0.18      0.27        11
        175       0.91      0.97      0.94        32
        176       1.00      1.00      1.00         8
        177       0.67      0.60      0.63        10
        178       0.83      0.75      0.79        32
        179       0.79      0.50      0.61        22
        180       1.00      0.79      0.88        14
        185       0.00      0.00      0.00        33
        186       1.00      1.00      1.00        21
        187       0.82      0.82      0.82        22
        189       0.63      0.51      0.57        37
        190       0.86      0.50      0.63        12
        191       0.92      0.73      0.81        15
        192       0.64      0.85      0.73        27
        193       0.62      0.73      0.67        11
        196       0.67      0.43      0.52        14
        197       1.00      0.12      0.22         8
        204       1.00      1.00      1.00         9
        206       0.92      0.55      0.69        20
        210       0.53      0.30      0.38        30
        216       1.00      0.71      0.83         7
        218       0.78      0.50      0.61        14
        219       1.00      0.07      0.12        15
        220       1.00      0.22      0.36         9
        224       1.00      0.60      0.75        10
        226       0.83      0.26      0.40        19
        232       0.80      0.40      0.53        10
        234       0.40      0.08      0.14        24
        235       0.00      0.00      0.00        11
        244       0.67      0.50      0.57        12
        261       0.00      0.00      0.00         8
        276       0.64      1.00      0.78         7

avg / total       0.89      0.89      0.89    104528
