             precision    recall  f1-score   support

          1       0.53      0.43      0.47       442
          2       0.93      0.98      0.95      1278
          3       0.86      0.86      0.86      1111
          4       0.74      0.73      0.74       173
          6       0.87      0.92      0.89       254
          7       0.97      0.94      0.95       674
          8       0.86      0.83      0.85        72
         10       0.69      0.81      0.74       150

avg / total       0.85      0.86      0.86      4154
