             precision    recall  f1-score   support

          1       0.90      0.90      0.90       543
          2       0.95      0.97      0.96      2188
          3       0.98      0.98      0.98      4199
          4       0.96      0.98      0.97      1287
          5       0.79      0.57      0.66       207
          6       0.94      0.94      0.94      1621
          7       0.98      0.99      0.98      4286
          8       0.90      0.77      0.83       227
          9       0.98      0.98      0.98      1426
         10       0.93      0.96      0.94      1150
         11       0.98      0.99      0.98      1355
         12       0.93      0.94      0.93       624
         13       0.65      0.42      0.51       232
         14       0.96      0.99      0.98       441
         15       0.85      0.72      0.78        47
         17       0.00      0.00      0.00         3
         19       0.57      0.17      0.26        24
         20       0.75      0.63      0.69        19

avg / total       0.96      0.96      0.96     19879
