             precision    recall  f1-score   support

          1       0.92      0.95      0.93      1600
          2       0.97      0.98      0.98      8240
          3       0.59      0.30      0.40       100
          4       0.80      0.86      0.83       219
          5       0.89      0.92      0.91      1065
          6       0.95      0.95      0.95       570
          7       0.83      0.64      0.73      1039
          8       0.92      0.88      0.90       386
          9       0.80      0.91      0.85       349
         10       0.90      0.89      0.90       159
         11       0.41      0.20      0.27       107
         12       0.81      0.73      0.77       434
         13       0.80      0.86      0.83        84
         14       0.69      0.60      0.64        78
         15       0.95      0.94      0.94       397
         16       0.86      0.90      0.88        20
         17       0.85      0.87      0.86        60
         18       0.62      0.55      0.58       114
         19       0.72      0.55      0.62        78
         20       0.75      0.77      0.76        35
         21       0.86      0.83      0.85        53
         22       0.62      0.32      0.42        50
         23       0.70      0.78      0.74         9
         24       1.00      0.67      0.80         6
         25       0.00      0.00      0.00         0
         26       0.76      0.52      0.62        25
         27       0.48      0.30      0.37        46
         28       0.29      0.74      0.42       164

avg / total       0.91      0.91      0.91     15487
