             precision    recall  f1-score   support

          1       0.75      0.75      0.75      1694
          2       0.71      0.76      0.74      2114
          3       0.97      0.98      0.98      1065
          4       0.91      0.86      0.88        79
          5       0.93      0.92      0.92       895
          6       0.90      0.93      0.92      1699
          7       0.78      0.77      0.78       622
          8       0.88      0.84      0.86       321
          9       1.00      0.94      0.97        31
         10       0.85      0.66      0.74       148
         11       0.72      0.70      0.71       581
         12       0.83      0.75      0.79       278
         13       0.86      0.80      0.83       690
         14       0.53      0.59      0.56        90
         15       0.97      0.95      0.96        65
         16       0.85      0.86      0.86        96
         17       0.79      0.81      0.80       140
         18       0.73      0.54      0.62        59
         19       0.46      0.31      0.37        39
         20       0.48      0.34      0.40        32
         21       0.73      0.55      0.63        58
         22       0.84      0.81      0.82       100
         23       0.73      0.62      0.67        58
         24       0.76      0.76      0.76        17
         25       0.50      0.13      0.21        15
         26       0.88      0.53      0.66        40
         27       0.47      0.67      0.55        30
         28       0.80      0.44      0.57         9
         29       0.80      0.40      0.53        10
         30       0.00      0.00      0.00         2
         31       0.50      0.25      0.33         4
         32       0.67      0.50      0.57         8
         33       0.78      0.44      0.56        16
         34       0.75      0.55      0.63        11
         35       0.75      0.60      0.67         5
         36       0.75      0.55      0.63        11
         37       0.67      0.40      0.50         5
         38       1.00      1.00      1.00         2
         39       0.00      0.00      0.00         2
         40       1.00      0.50      0.67         4
         41       0.00      0.00      0.00         1
         42       0.93      0.76      0.84        37
         43       0.90      0.91      0.91      1127
         44       0.85      0.86      0.85       838
         45       0.76      0.81      0.78      1004
         46       0.85      0.42      0.57        92

avg / total       0.82      0.82      0.82     14244
