             precision    recall  f1-score   support

          1       0.86      0.91      0.88      3468
          2       0.98      0.95      0.97       353
          3       0.99      0.99      0.99      1441
          4       0.86      0.80      0.83      2510
          5       0.88      0.88      0.88       258
          6       0.00      0.00      0.00         8
          7       0.74      0.62      0.68        82
          8       0.95      0.74      0.83        27

avg / total       0.89      0.89      0.89      8147
