             precision    recall  f1-score   support

          1       0.98      0.97      0.98       752
          2       0.78      0.71      0.74       246
          3       0.96      0.95      0.96       350
          4       0.88      0.91      0.89      1594
          5       0.88      0.93      0.90      1894
          6       0.87      0.84      0.85       435
          7       0.75      0.56      0.64        75
          8       0.66      0.39      0.49        49
          9       1.00      0.70      0.82        10
         10       0.00      0.00      0.00         2
         11       0.94      0.97      0.96       210
         12       0.83      0.67      0.75       315
         13       0.97      1.00      0.98        98
         14       0.84      0.74      0.79       196
         15       0.68      0.59      0.63       137

avg / total       0.88      0.88      0.88      6363
