             precision    recall  f1-score   support

          1       0.95      0.91      0.93      1571
          2       0.94      0.93      0.94       661
          3       0.94      0.61      0.74       203
          4       0.92      0.89      0.90       265
          5       0.95      0.80      0.87        45
          6       1.00      1.00      1.00         2
          7       0.90      0.90      0.90        39
          8       0.96      0.95      0.96       273
          9       0.71      0.60      0.65       423
         10       0.83      0.75      0.79       114
         11       0.92      0.97      0.94      4422

avg / total       0.92      0.92      0.92      8018
