             precision    recall  f1-score   support

          1       0.74      0.70      0.72      2339
          2       0.74      0.81      0.77       145
          3       0.91      0.93      0.92       368
          4       0.93      0.93      0.93       846
          5       0.96      0.95      0.95      1001
          6       0.94      0.92      0.93       422
          7       0.72      0.72      0.72       264
          8       0.89      0.93      0.91      1267
          9       0.95      0.96      0.96       474
         10       0.82      0.85      0.84       936
         11       0.92      0.89      0.90       468
         12       0.66      0.68      0.67       102
         13       0.87      0.93      0.90       261
         14       0.66      0.65      0.66       142
         15       0.78      0.80      0.79       238
         17       0.65      0.73      0.69       165
         18       0.73      0.63      0.68       153
         20       0.64      0.69      0.66       116
         22       0.59      0.56      0.57       145
         23       0.57      0.72      0.64        75
         24       0.68      0.49      0.57        70

avg / total       0.83      0.83      0.83      9997
