             precision    recall  f1-score   support

          1       0.96      0.98      0.97       824
          3       0.92      0.89      0.91       133
          4       0.70      0.84      0.77        88
          5       0.97      0.94      0.96       254
          6       0.83      0.89      0.86       286
          8       0.83      0.77      0.80       436
          9       0.67      0.43      0.52        87
         11       0.79      0.89      0.84       153

avg / total       0.88      0.89      0.88      2261
