             precision    recall  f1-score   support

          1       0.96      1.00      0.98     10497
          2       0.99      1.00      1.00      5761
          3       0.92      0.81      0.86       205
          4       1.00      1.00      1.00      2154
          5       0.95      0.97      0.96      2748
          6       0.97      0.93      0.95       387
          7       0.98      0.87      0.92       247
          8       0.67      0.01      0.01       365

avg / total       0.97      0.97      0.97     22364
