             precision    recall  f1-score   support

          1       0.75      0.58      0.65      1816
          2       0.86      0.89      0.87      3717
          3       0.89      0.94      0.91     13060
          4       0.83      0.87      0.85       904
          5       0.81      0.77      0.79       834
          6       0.89      0.87      0.88       759
          7       0.82      0.82      0.82      1400
          8       0.67      0.63      0.65       811
          9       0.81      0.86      0.83      2123
         10       0.82      0.73      0.77      1159
         11       0.00      0.00      0.00         2
         12       0.75      0.77      0.76        39
         13       0.95      1.00      0.98        41
         14       0.67      0.50      0.57       153
         15       0.71      0.84      0.77        50
         16       0.84      0.66      0.74       361
         17       0.94      0.57      0.71        58
         18       0.93      0.84      0.88       104
         19       0.94      0.48      0.64        31
         20       0.86      0.80      0.83       137
         21       0.74      0.77      0.76       142
         22       0.81      0.69      0.74       801
         23       0.82      0.50      0.62        62
         24       0.84      0.56      0.67       189
         25       0.90      0.67      0.77       260
         26       0.83      0.73      0.78        60
         27       0.80      0.73      0.77       383

avg / total       0.85      0.85      0.85     29456
