             precision    recall  f1-score   support

          1       0.87      0.92      0.90     19640
          2       0.82      0.87      0.85     22693
          3       0.85      0.86      0.86      4449
          4       0.78      0.81      0.79      9794
          5       0.80      0.78      0.79      8814
          6       0.79      0.85      0.82      5137
          7       0.68      0.25      0.36      1455
          8       0.75      0.77      0.76     14407
          9       0.79      0.57      0.66      1182
         10       0.79      0.66      0.72      5649
         11       0.85      0.73      0.79      3826
         12       0.28      0.03      0.05       475
         13       0.65      0.26      0.37       708
         14       0.48      0.13      0.21       426
         15       0.24      0.02      0.04       468
         16       0.80      0.67      0.73       484
         17       0.54      0.25      0.34        61
         18       0.00      0.00      0.00         1
         19       0.00      0.00      0.00         3
         20       0.00      0.00      0.00         2
         21       0.00      0.00      0.00         3
         22       0.00      0.00      0.00         1
         23       0.00      0.00      0.00         1
         24       0.00      0.00      0.00         2
         25       0.00      0.00      0.00         2
         26       0.00      0.00      0.00         1
         27       0.00      0.00      0.00         1
         28       0.00      0.00      0.00         1
         29       0.00      0.00      0.00         1
         30       0.97      1.00      0.99      1081
         31       0.94      1.00      0.97       356
         32       0.67      0.74      0.71       250
         33       0.76      0.61      0.68       107
         34       0.83      0.77      0.80      1085
         35       0.71      0.77      0.74       508
         36       0.80      0.77      0.78       585
         37       0.81      0.91      0.85      2176
         38       0.76      0.76      0.76       328
         39       0.65      0.74      0.70      1079
         40       0.87      0.91      0.89      2984
         41       0.59      0.68      0.63        19
         42       0.79      0.85      0.81        65
         43       0.63      0.30      0.41        40
         44       0.87      0.70      0.78       138
         45       0.87      0.94      0.90      1226
         46       0.13      0.03      0.05        73
         47       0.72      0.82      0.76      1789
         48       0.53      0.44      0.48        39
         49       0.76      0.85      0.80      1544
         50       0.00      0.00      0.00        21
         51       0.82      0.81      0.81       818
         52       0.85      0.92      0.88        37
         53       0.81      0.72      0.76       197
         54       1.00      0.63      0.77        27
         55       0.71      0.72      0.72       391
         56       0.80      0.64      0.72       905
         57       0.83      0.89      0.86      4508
         58       0.66      0.62      0.64       556
         59       0.85      0.81      0.83      1870
         60       0.59      0.42      0.49       285
         61       1.00      0.28      0.43        18
         62       0.71      0.65      0.68        26
         63       0.83      0.89      0.86      4118
         64       0.78      0.79      0.79      2225
         65       0.74      0.66      0.70       475
         66       0.80      0.87      0.83      1847
         67       0.46      0.21      0.29       188
         68       0.91      0.83      0.87       327
         69       0.75      0.71      0.73       425
         70       0.73      0.72      0.72       267
         71       0.00      0.00      0.00        17
         72       1.00      0.09      0.17        22
         73       0.81      0.73      0.77      1743
         74       0.79      0.67      0.73       584
         75       0.82      0.84      0.83        56
         76       0.82      0.67      0.74       236
         77       0.76      0.83      0.80      1481
         78       0.78      0.81      0.79      2301
         79       0.77      0.75      0.76      1047
         80       0.33      0.05      0.09        57
         81       0.71      0.36      0.48        28
         82       1.00      0.40      0.57        25
         83       0.75      0.51      0.61        88
         84       0.78      0.79      0.79       860

avg / total       0.80      0.81      0.80    143235
