             precision    recall  f1-score   support

          1       0.77      0.63      0.69        95
          2       0.95      0.98      0.96      1063
          3       0.66      0.58      0.62        74
          4       0.89      0.95      0.92       759
          5       0.91      0.88      0.89       135
          6       0.62      0.54      0.58        70
          7       0.88      0.91      0.89        69
          8       0.73      0.73      0.73        11
          9       0.79      0.92      0.85        53
         10       0.64      0.45      0.53        55
         11       0.48      0.22      0.30        60
         12       0.92      0.76      0.83        46
         13       1.00      0.83      0.91        12
         14       0.87      0.97      0.92       113
         16       0.54      0.41      0.47        17
         17       0.88      0.89      0.88        55
         18       0.76      0.79      0.77        56
         19       0.77      0.78      0.78        64
         20       1.00      0.94      0.97        33

avg / total       0.88      0.88      0.88      2840
