             precision    recall  f1-score   support

          1       0.97      0.91      0.94        67
          2       0.99      0.93      0.96        76
          3       0.96      0.93      0.94        70
          4       0.62      0.58      0.60        43
          5       0.74      0.81      0.77        97
          6       0.96      0.96      0.96        48
          7       0.93      0.98      0.95        41
          8       0.89      0.93      0.91        27

avg / total       0.88      0.88      0.88       469
