             precision    recall  f1-score   support

          1       1.00      0.77      0.87        13
          2       0.90      0.98      0.94        46
          3       0.91      0.99      0.95       104
          4       1.00      1.00      1.00        25
          5       1.00      0.75      0.86        28
          6       0.88      0.88      0.88        24
          7       1.00      0.93      0.96        29
          8       1.00      0.90      0.95        10

avg / total       0.94      0.94      0.93       279
