             precision    recall  f1-score   support

          1       0.77      0.71      0.74        34
          2       0.85      0.91      0.88        57
          3       0.79      0.77      0.78        39
          4       0.75      0.89      0.81        54
          5       0.93      0.78      0.85        18
          6       1.00      1.00      1.00        13
          7       0.85      0.85      0.85        13
          8       1.00      0.92      0.96        13
          9       0.71      0.38      0.50        13

avg / total       0.82      0.82      0.82       254
