             precision    recall  f1-score   support

          1       1.00      1.00      1.00        18
          2       0.88      0.88      0.88        24
          3       0.83      0.90      0.86        21
          4       1.00      1.00      1.00        14
          5       0.36      0.29      0.32        14
          6       0.55      0.74      0.63        23
          7       0.57      0.33      0.42        12
          8       1.00      0.92      0.96        26

avg / total       0.80      0.80      0.79       152
