             precision    recall  f1-score   support

          1       0.98      1.00      0.99        94
          2       1.00      0.97      0.99        70
          3       1.00      1.00      1.00        11
          4       0.98      1.00      0.99        45
          5       1.00      0.98      0.99        41
          6       1.00      1.00      1.00        23
          7       1.00      0.98      0.99        48
          8       0.92      1.00      0.96        12

avg / total       0.99      0.99      0.99       344
