             precision    recall  f1-score   support

          1       0.93      1.00      0.96        13
          2       0.88      0.98      0.93        46
          3       0.98      0.95      0.97       104
          4       1.00      1.00      1.00        25
          5       0.79      0.93      0.85        28
          6       1.00      0.79      0.88        24
          7       1.00      0.93      0.96        29
          8       1.00      0.90      0.95        10

avg / total       0.95      0.94      0.94       279
