             precision    recall  f1-score   support

          1       0.72      0.79      0.75        33
          2       0.91      0.93      0.92        57
          3       0.86      0.79      0.83        39
          4       0.85      0.83      0.84        54
          5       0.76      0.72      0.74        18
          6       1.00      1.00      1.00        13
          7       0.73      0.62      0.67        13
          8       0.86      0.92      0.89        13
          9       0.53      0.62      0.57        13

avg / total       0.83      0.83      0.83       253
