             precision    recall  f1-score   support

          1       0.96      0.96      0.96        67
          2       0.99      0.97      0.98        77
          3       0.96      0.94      0.95        70
          4       0.85      0.65      0.74        43
          5       0.84      0.95      0.89        97
          6       0.98      0.98      0.98        48
          7       0.95      0.98      0.96        41
          8       1.00      0.93      0.96        28

avg / total       0.93      0.93      0.93       471
