             precision    recall  f1-score   support

          1       1.00      1.00      1.00        18
          2       0.78      0.78      0.78        23
          3       0.90      0.90      0.90        20
          4       0.92      0.79      0.85        14
          5       0.47      0.54      0.50        13
          6       0.63      0.77      0.69        22
          7       1.00      0.18      0.31        11
          8       0.86      1.00      0.93        25

avg / total       0.82      0.79      0.78       146
