             precision    recall  f1-score   support

          1       0.86      0.86      0.86        14
          2       0.92      0.94      0.93        47
          3       0.94      0.99      0.96       104
          4       1.00      1.00      1.00        25
          5       1.00      0.79      0.88        28
          6       0.88      0.88      0.88        25
          7       1.00      0.97      0.98        30
          8       1.00      1.00      1.00        10

avg / total       0.95      0.94      0.94       283
