             precision    recall  f1-score   support

          1       0.90      1.00      0.95        18
          2       0.79      0.79      0.79        24
          3       1.00      0.95      0.98        21
          4       0.93      0.93      0.93        14
          5       0.33      0.29      0.31        14
          6       0.70      0.70      0.70        23
          7       0.31      0.33      0.32        12
          8       0.85      0.85      0.85        26

avg / total       0.76      0.76      0.76       152
