             precision    recall  f1-score   support

          1       0.94      0.89      0.91        18
          2       0.79      0.79      0.79        24
          3       0.84      0.76      0.80        21
          4       0.93      1.00      0.97        14
          5       0.43      0.21      0.29        14
          6       0.56      0.96      0.71        23
          7       0.25      0.09      0.13        11
          8       0.92      0.92      0.92        26

avg / total       0.74      0.76      0.74       151
