             precision    recall  f1-score   support

          2       1.00      1.00      1.00        12
          3       1.00      1.00      1.00        15
          5       1.00      1.00      1.00        12
         11       1.00      0.98      0.99        42
         13       1.00      1.00      1.00        12
         14       1.00      1.00      1.00        10
         17       1.00      1.00      1.00        20
         34       1.00      1.00      1.00        22
         36       0.92      1.00      0.96        11
         53       1.00      1.00      1.00        11
         66       1.00      1.00      1.00        13
         74       1.00      1.00      1.00        11

avg / total       1.00      0.99      0.99       191
