             precision    recall  f1-score   support

          1       1.00      1.00      1.00        28
          2       1.00      1.00      1.00        25
          4       1.00      1.00      1.00        18
          5       1.00      1.00      1.00        17
          6       1.00      1.00      1.00        31
          7       0.94      0.89      0.91        18
          8       1.00      0.92      0.96        26
         10       1.00      1.00      1.00        24
         11       1.00      1.00      1.00        13
         12       1.00      1.00      1.00        26
         14       1.00      0.97      0.99        35
         15       0.77      0.97      0.86        34
         16       1.00      1.00      1.00        12
         17       1.00      1.00      1.00        12
         18       1.00      1.00      1.00        18
         19       1.00      1.00      1.00        11
         20       1.00      0.97      0.98        31
         23       1.00      1.00      1.00        13
         25       1.00      1.00      1.00        19
         28       1.00      1.00      1.00        12
         30       0.90      1.00      0.95        27
         31       1.00      1.00      1.00        12
         32       1.00      1.00      1.00        21
         33       1.00      1.00      1.00        25
         35       1.00      1.00      1.00        18
         37       1.00      1.00      1.00        12
         38       1.00      0.87      0.93        15
         39       1.00      1.00      1.00        16
         40       1.00      1.00      1.00        11
         43       1.00      1.00      1.00        14
         44       1.00      1.00      1.00        10
         46       1.00      0.93      0.96        14
         47       1.00      1.00      1.00        14
         48       1.00      1.00      1.00        13
         49       1.00      0.92      0.96        13
         50       1.00      0.97      0.98        33
         53       1.00      1.00      1.00        15
         54       0.93      0.93      0.93        15
         55       1.00      1.00      1.00        20
         60       1.00      1.00      1.00        12
         65       1.00      1.00      1.00        13
         66       1.00      0.90      0.95        10
         71       0.91      0.83      0.87        12
         78       1.00      1.00      1.00        10

avg / total       0.98      0.98      0.98       798
