             precision    recall  f1-score   support

          1       1.00      0.98      0.99        48
          2       1.00      0.95      0.97        19
          3       1.00      1.00      1.00        21
          4       1.00      1.00      1.00        35
          5       1.00      0.93      0.97        30
          6       1.00      1.00      1.00        72
          7       1.00      1.00      1.00        13
          8       1.00      1.00      1.00        13
         10       1.00      1.00      1.00        11
         11       0.72      1.00      0.84        13
         12       1.00      1.00      1.00        13
         13       1.00      1.00      1.00        39
         17       1.00      0.95      0.97        19
         19       1.00      1.00      1.00        20
         20       1.00      1.00      1.00        11

avg / total       0.99      0.99      0.99       377
