             precision    recall  f1-score   support

          2       1.00      0.92      0.96        12
          3       1.00      1.00      1.00        15
          5       1.00      1.00      1.00        11
         11       1.00      1.00      1.00        41
         13       1.00      1.00      1.00        11
         14       1.00      0.90      0.95        10
         17       1.00      1.00      1.00        19
         34       1.00      1.00      1.00        22
         36       0.83      1.00      0.91        10
         53       1.00      1.00      1.00        10
         66       1.00      1.00      1.00        13
         74       1.00      1.00      1.00        10

avg / total       0.99      0.99      0.99       184
