             precision    recall  f1-score   support

          3       1.00      1.00      1.00        24
          6       1.00      1.00      1.00        21
          8       1.00      1.00      1.00        30
         12       1.00      1.00      1.00        25
         13       1.00      1.00      1.00        19
         14       1.00      1.00      1.00        23
         15       1.00      1.00      1.00        22
         16       1.00      1.00      1.00        22
         17       1.00      1.00      1.00        13
         18       1.00      1.00      1.00        20
         23       1.00      1.00      1.00        16
         27       1.00      0.95      0.97        20
         31       1.00      1.00      1.00        17
         34       1.00      1.00      1.00        12
         35       1.00      1.00      1.00        13
         39       1.00      1.00      1.00        10
         43       1.00      1.00      1.00        33
         47       1.00      1.00      1.00        10
         48       1.00      1.00      1.00        25
         51       1.00      1.00      1.00        28
         54       1.00      1.00      1.00        10
         55       1.00      1.00      1.00        19
         57       1.00      1.00      1.00        20
         60       1.00      1.00      1.00        11
         63       1.00      1.00      1.00        14
         64       1.00      1.00      1.00        12
         65       1.00      1.00      1.00        12
         68       1.00      1.00      1.00        13
         76       1.00      1.00      1.00        38
         77       1.00      1.00      1.00        17
         79       1.00      1.00      1.00        15
         81       1.00      1.00      1.00        39
         85       1.00      1.00      1.00        12
         98       1.00      1.00      1.00        14
        105       1.00      1.00      1.00        17
        107       1.00      1.00      1.00        21
        114       1.00      1.00      1.00        14
        119       1.00      1.00      1.00        11
        124       0.93      1.00      0.97        14
        130       1.00      1.00      1.00        11
        151       1.00      1.00      1.00        12
        158       1.00      1.00      1.00        16
        167       1.00      1.00      1.00        26

avg / total       1.00      1.00      1.00       791
