             precision    recall  f1-score   support

          3       1.00      1.00      1.00        25
          6       1.00      1.00      1.00        22
          8       1.00      1.00      1.00        31
         12       1.00      1.00      1.00        25
         13       0.73      1.00      0.84        19
         14       1.00      1.00      1.00        23
         15       1.00      1.00      1.00        23
         16       1.00      1.00      1.00        22
         17       1.00      0.92      0.96        13
         18       1.00      1.00      1.00        21
         23       1.00      1.00      1.00        17
         27       1.00      1.00      1.00        21
         31       1.00      1.00      1.00        17
         34       1.00      1.00      1.00        13
         35       1.00      1.00      1.00        13
         39       1.00      1.00      1.00        11
         43       1.00      1.00      1.00        33
         47       1.00      1.00      1.00        11
         48       1.00      1.00      1.00        26
         51       1.00      1.00      1.00        28
         54       1.00      1.00      1.00        11
         55       1.00      1.00      1.00        20
         57       1.00      1.00      1.00        20
         60       1.00      1.00      1.00        11
         63       1.00      1.00      1.00        14
         64       1.00      1.00      1.00        12
         65       1.00      0.83      0.91        12
         68       1.00      1.00      1.00        13
         76       0.97      1.00      0.99        39
         77       1.00      1.00      1.00        17
         79       1.00      1.00      1.00        16
         81       1.00      1.00      1.00        40
         85       1.00      1.00      1.00        13
         98       1.00      0.93      0.97        15
        105       1.00      1.00      1.00        17
        107       1.00      1.00      1.00        22
        114       1.00      1.00      1.00        15
        119       1.00      1.00      1.00        11
        124       1.00      0.86      0.92        14
        130       1.00      0.83      0.91        12
        151       0.92      1.00      0.96        12
        158       1.00      1.00      1.00        16
        167       1.00      0.96      0.98        27

avg / total       0.99      0.99      0.99       813
