             precision    recall  f1-score   support

          1       1.00      0.98      0.99        47
          2       1.00      0.95      0.97        19
          3       0.84      1.00      0.91        21
          4       1.00      0.97      0.99        34
          5       0.97      1.00      0.98        30
          6       1.00      1.00      1.00        71
          7       1.00      1.00      1.00        12
          8       0.93      1.00      0.96        13
         10       0.89      0.73      0.80        11
         11       1.00      0.85      0.92        13
         12       1.00      1.00      1.00        13
         13       1.00      0.97      0.99        39
         17       0.95      1.00      0.97        19
         19       0.95      1.00      0.98        20
         20       1.00      1.00      1.00        10

avg / total       0.98      0.98      0.98       372
