             precision    recall  f1-score   support

          1       1.00      1.00      1.00        17
          3       1.00      1.00      1.00        23
          5       0.92      1.00      0.96        45
          6       1.00      0.96      0.98        24
          7       1.00      1.00      1.00        32
         10       0.99      0.99      0.99        95
         11       1.00      1.00      1.00        19
         13       1.00      1.00      1.00        35
         14       1.00      1.00      1.00        21
         15       1.00      1.00      1.00        36
         16       1.00      1.00      1.00        14
         17       1.00      1.00      1.00        30
         23       1.00      1.00      1.00        21
         24       1.00      1.00      1.00        11
         28       1.00      1.00      1.00        15
         29       1.00      1.00      1.00        54
         30       1.00      1.00      1.00        52
         32       1.00      1.00      1.00        16
         39       1.00      1.00      1.00        12
         40       1.00      1.00      1.00        28
         42       1.00      1.00      1.00        27
         44       1.00      1.00      1.00        27
         51       1.00      1.00      1.00        11
         52       1.00      0.91      0.95        11
         56       1.00      1.00      1.00        21
         62       1.00      1.00      1.00        20
         64       1.00      1.00      1.00        15
         71       0.92      0.92      0.92        13
         74       1.00      1.00      1.00        15
         79       1.00      1.00      1.00        17
         86       1.00      1.00      1.00        19
         87       1.00      1.00      1.00        13
         91       1.00      0.93      0.96        27
         96       1.00      1.00      1.00        10
        104       1.00      1.00      1.00        12
        118       1.00      1.00      1.00        12
        125       1.00      1.00      1.00        11
        135       1.00      1.00      1.00        16

avg / total       0.99      0.99      0.99       897
