             precision    recall  f1-score   support

          3       1.00      1.00      1.00        25
          6       1.00      1.00      1.00        22
          8       1.00      0.97      0.98        31
         12       1.00      1.00      1.00        26
         13       1.00      1.00      1.00        20
         14       1.00      1.00      1.00        23
         15       0.96      1.00      0.98        23
         16       1.00      0.96      0.98        23
         17       1.00      1.00      1.00        14
         18       1.00      1.00      1.00        21
         23       1.00      1.00      1.00        17
         27       1.00      0.95      0.98        21
         31       1.00      1.00      1.00        17
         34       1.00      1.00      1.00        13
         35       1.00      1.00      1.00        13
         39       1.00      1.00      1.00        11
         43       0.97      1.00      0.99        33
         47       1.00      1.00      1.00        11
         48       1.00      1.00      1.00        26
         51       1.00      1.00      1.00        28
         54       1.00      1.00      1.00        11
         55       1.00      1.00      1.00        20
         57       1.00      1.00      1.00        21
         60       1.00      1.00      1.00        11
         63       1.00      1.00      1.00        14
         64       1.00      1.00      1.00        12
         65       0.93      1.00      0.96        13
         68       1.00      1.00      1.00        14
         76       1.00      0.97      0.99        39
         77       0.89      1.00      0.94        17
         79       0.94      1.00      0.97        16
         81       1.00      0.97      0.99        40
         85       1.00      1.00      1.00        13
         98       1.00      0.93      0.97        15
        105       1.00      1.00      1.00        17
        107       1.00      1.00      1.00        22
        114       1.00      1.00      1.00        15
        119       1.00      1.00      1.00        11
        124       0.94      1.00      0.97        15
        130       1.00      1.00      1.00        12
        151       1.00      1.00      1.00        13
        158       1.00      1.00      1.00        16
        167       1.00      0.96      0.98        27

avg / total       0.99      0.99      0.99       822
