             precision    recall  f1-score   support

          2       1.00      1.00      1.00        12
          3       0.94      1.00      0.97        17
          8       1.00      1.00      1.00        11
         10       1.00      0.97      0.99        39
         11       1.00      1.00      1.00        11
         12       1.00      1.00      1.00        10
         13       1.00      0.93      0.97        15
         15       1.00      1.00      1.00        19
         17       1.00      1.00      1.00        10
         18       1.00      1.00      1.00        17
         20       1.00      0.96      0.98        23
         21       1.00      1.00      1.00        12
         26       0.83      1.00      0.91        15
         28       1.00      0.92      0.96        13
         29       1.00      1.00      1.00        10
         31       0.95      0.95      0.95        20
         34       1.00      1.00      1.00        10
         37       1.00      1.00      1.00        11
         50       1.00      1.00      1.00        11

avg / total       0.98      0.98      0.98       286
