             precision    recall  f1-score   support

          1       0.94      1.00      0.97        29
          2       1.00      1.00      1.00        25
          4       1.00      1.00      1.00        19
          5       1.00      1.00      1.00        18
          6       1.00      0.97      0.98        32
          7       0.94      0.89      0.92        19
          8       0.93      1.00      0.96        26
         10       0.96      1.00      0.98        24
         11       1.00      1.00      1.00        13
         12       1.00      1.00      1.00        27
         14       0.88      1.00      0.93        35
         15       1.00      0.94      0.97        35
         16       1.00      0.92      0.96        13
         17       1.00      1.00      1.00        12
         18       1.00      1.00      1.00        19
         19       1.00      1.00      1.00        11
         20       1.00      0.91      0.95        32
         23       0.93      1.00      0.96        13
         25       0.95      1.00      0.98        20
         28       1.00      1.00      1.00        13
         30       0.93      0.93      0.93        27
         31       1.00      1.00      1.00        13
         32       1.00      1.00      1.00        22
         33       1.00      0.92      0.96        26
         35       1.00      1.00      1.00        18
         37       0.93      1.00      0.96        13
         38       1.00      1.00      1.00        16
         39       1.00      1.00      1.00        17
         40       1.00      1.00      1.00        11
         43       1.00      1.00      1.00        15
         44       1.00      1.00      1.00        10
         46       1.00      0.93      0.97        15
         47       1.00      1.00      1.00        15
         48       1.00      1.00      1.00        14
         49       1.00      1.00      1.00        13
         50       1.00      0.97      0.99        34
         53       1.00      1.00      1.00        16
         54       0.93      0.93      0.93        15
         55       1.00      1.00      1.00        21
         60       1.00      1.00      1.00        12
         65       1.00      1.00      1.00        13
         66       1.00      0.91      0.95        11
         71       1.00      0.92      0.96        12
         78       0.91      1.00      0.95        10

avg / total       0.98      0.98      0.98       824
