             precision    recall  f1-score   support

          4       1.00      1.00      1.00        37
         10       1.00      1.00      1.00        16
         15       1.00      1.00      1.00        19
         16       1.00      0.93      0.97        15
         18       1.00      1.00      1.00        24
         23       1.00      1.00      1.00        13
         36       1.00      1.00      1.00        22
         40       1.00      1.00      1.00        11
         42       1.00      1.00      1.00        12
         44       1.00      1.00      1.00        23
         47       1.00      1.00      1.00        12
         49       1.00      1.00      1.00        11
         52       1.00      1.00      1.00        19
         57       1.00      1.00      1.00        12
         62       1.00      1.00      1.00        11
         65       1.00      1.00      1.00        23
         68       1.00      1.00      1.00        11
         69       1.00      1.00      1.00        11
         71       1.00      1.00      1.00        31
         77       1.00      1.00      1.00        14
         83       1.00      1.00      1.00        11
         97       1.00      1.00      1.00        11
        103       1.00      1.00      1.00        11
        113       1.00      1.00      1.00        12
        123       1.00      1.00      1.00        11
        127       1.00      1.00      1.00        16
        159       1.00      1.00      1.00        11
        167       1.00      1.00      1.00        11
        194       0.92      1.00      0.96        12
        221       1.00      1.00      1.00        11

avg / total       1.00      1.00      1.00       464
