             precision    recall  f1-score   support

          1       1.00      0.96      0.98        28
          2       1.00      1.00      1.00        25
          4       1.00      0.95      0.97        19
          5       1.00      1.00      1.00        18
          6       1.00      0.97      0.98        31
          7       1.00      0.95      0.97        19
          8       0.96      1.00      0.98        26
         10       1.00      1.00      1.00        24
         11       1.00      0.92      0.96        13
         12       1.00      1.00      1.00        26
         14       0.76      1.00      0.86        35
         15       0.97      0.91      0.94        34
         16       1.00      1.00      1.00        13
         17       1.00      1.00      1.00        12
         18       1.00      1.00      1.00        19
         19       1.00      1.00      1.00        11
         20       1.00      1.00      1.00        31
         23       1.00      1.00      1.00        13
         25       1.00      1.00      1.00        19
         28       1.00      1.00      1.00        12
         30       1.00      0.93      0.96        27
         31       1.00      0.92      0.96        13
         32       1.00      1.00      1.00        22
         33       0.96      0.96      0.96        26
         35       1.00      1.00      1.00        18
         37       1.00      1.00      1.00        12
         38       0.94      1.00      0.97        15
         39       1.00      0.94      0.97        16
         40       1.00      0.82      0.90        11
         43       1.00      1.00      1.00        14
         44       1.00      1.00      1.00        10
         46       1.00      1.00      1.00        15
         47       1.00      1.00      1.00        15
         48       0.87      0.93      0.90        14
         49       1.00      1.00      1.00        13
         50       1.00      0.97      0.98        33
         53       1.00      1.00      1.00        15
         54       1.00      1.00      1.00        15
         55       1.00      1.00      1.00        20
         60       1.00      1.00      1.00        12
         65       1.00      1.00      1.00        13
         66       1.00      1.00      1.00        10
         71       1.00      0.92      0.96        12
         78       0.91      1.00      0.95        10

avg / total       0.98      0.98      0.98       809
