             precision    recall  f1-score   support

          1       1.00      1.00      1.00        12
          4       1.00      1.00      1.00        11
          5       1.00      1.00      1.00        11
          8       1.00      1.00      1.00        19
         10       1.00      1.00      1.00        30
         21       1.00      0.95      0.97        19
         22       1.00      1.00      1.00        12
         25       0.92      1.00      0.96        11
         28       1.00      1.00      1.00        18
         46       1.00      1.00      1.00        12
         51       1.00      1.00      1.00        16
         67       0.92      0.92      0.92        12
         83       1.00      1.00      1.00        14
         88       1.00      1.00      1.00        11
         89       1.00      1.00      1.00        11

avg / total       0.99      0.99      0.99       219
