             precision    recall  f1-score   support

          1       1.00      1.00      1.00        12
          4       1.00      1.00      1.00        11
          5       1.00      1.00      1.00        11
          8       1.00      1.00      1.00        18
         10       0.97      1.00      0.98        30
         21       1.00      0.95      0.97        19
         22       1.00      1.00      1.00        11
         25       1.00      0.91      0.95        11
         28       1.00      1.00      1.00        18
         46       0.92      1.00      0.96        12
         51       1.00      0.93      0.97        15
         67       0.92      1.00      0.96        11
         83       1.00      1.00      1.00        14
         88       1.00      1.00      1.00        10
         89       1.00      1.00      1.00        10

avg / total       0.99      0.99      0.99       213
