             precision    recall  f1-score   support

          1       1.00      0.93      0.96        14
          2       0.92      1.00      0.96        11
          3       1.00      1.00      1.00        11
         11       1.00      1.00      1.00        51
         12       1.00      1.00      1.00        11
         13       1.00      1.00      1.00        13
         16       1.00      0.97      0.98        29
         17       1.00      1.00      1.00        12
         19       0.95      1.00      0.97        19
         28       1.00      1.00      1.00        12
         46       1.00      1.00      1.00        13

avg / total       0.99      0.99      0.99       196
