             precision    recall  f1-score   support

          1       1.00      1.00      1.00        18
          3       1.00      1.00      1.00        24
          5       1.00      0.93      0.97        46
          6       1.00      1.00      1.00        25
          7       1.00      1.00      1.00        33
         10       0.99      1.00      0.99        95
         11       1.00      1.00      1.00        20
         13       1.00      1.00      1.00        35
         14       1.00      1.00      1.00        21
         15       1.00      1.00      1.00        36
         16       1.00      1.00      1.00        14
         17       0.91      1.00      0.95        31
         23       1.00      1.00      1.00        21
         24       1.00      1.00      1.00        12
         28       1.00      1.00      1.00        15
         29       1.00      1.00      1.00        55
         30       1.00      1.00      1.00        53
         32       1.00      1.00      1.00        17
         39       0.92      0.92      0.92        12
         40       1.00      1.00      1.00        29
         42       1.00      1.00      1.00        28
         44       1.00      0.96      0.98        28
         51       1.00      0.91      0.95        11
         52       1.00      1.00      1.00        11
         56       1.00      1.00      1.00        21
         62       1.00      1.00      1.00        20
         64       1.00      1.00      1.00        15
         71       1.00      1.00      1.00        13
         74       1.00      1.00      1.00        15
         79       0.95      1.00      0.97        18
         86       1.00      1.00      1.00        19
         87       1.00      1.00      1.00        14
         91       0.96      0.96      0.96        27
         96       1.00      1.00      1.00        11
        104       1.00      1.00      1.00        13
        118       1.00      1.00      1.00        12
        125       1.00      1.00      1.00        11
        135       1.00      1.00      1.00        17

avg / total       0.99      0.99      0.99       916
