             precision    recall  f1-score   support

          1       1.00      1.00      1.00        14
          2       1.00      1.00      1.00        11
          3       1.00      1.00      1.00        11
         11       1.00      1.00      1.00        50
         12       1.00      1.00      1.00        10
         13       1.00      1.00      1.00        12
         16       0.97      1.00      0.98        28
         17       1.00      1.00      1.00        11
         19       1.00      1.00      1.00        18
         28       1.00      1.00      1.00        12
         46       1.00      0.92      0.96        13

avg / total       0.99      0.99      0.99       190
