             precision    recall  f1-score   support

          1       1.00      1.00      1.00        47
          2       0.95      1.00      0.97        19
          3       1.00      0.86      0.92        21
          4       1.00      1.00      1.00        34
          5       1.00      0.97      0.98        30
          6       1.00      1.00      1.00        71
          7       1.00      1.00      1.00        12
          8       1.00      1.00      1.00        13
         10       0.77      1.00      0.87        10
         11       0.92      0.85      0.88        13
         12       1.00      1.00      1.00        13
         13       1.00      1.00      1.00        39
         17       1.00      1.00      1.00        19
         19       0.95      1.00      0.98        20
         20       1.00      1.00      1.00        10

avg / total       0.99      0.98      0.98       371
