             precision    recall  f1-score   support

          4       1.00      1.00      1.00        36
         10       1.00      1.00      1.00        16
         15       1.00      1.00      1.00        18
         16       1.00      1.00      1.00        14
         18       1.00      1.00      1.00        23
         23       1.00      1.00      1.00        13
         36       1.00      1.00      1.00        21
         40       1.00      1.00      1.00        10
         42       1.00      1.00      1.00        11
         44       1.00      1.00      1.00        22
         47       0.92      1.00      0.96        11
         49       1.00      1.00      1.00        10
         52       1.00      1.00      1.00        18
         57       1.00      1.00      1.00        11
         62       1.00      1.00      1.00        10
         65       1.00      1.00      1.00        22
         68       1.00      1.00      1.00        11
         69       1.00      1.00      1.00        10
         71       1.00      1.00      1.00        30
         77       1.00      1.00      1.00        13
         83       1.00      1.00      1.00        10
         97       1.00      1.00      1.00        10
        103       1.00      0.90      0.95        10
        113       1.00      1.00      1.00        12
        123       1.00      1.00      1.00        10
        127       1.00      1.00      1.00        15
        159       1.00      1.00      1.00        10
        167       1.00      1.00      1.00        10
        194       1.00      1.00      1.00        12
        221       1.00      1.00      1.00        11

avg / total       1.00      1.00      1.00       440
