             precision    recall  f1-score   support

          2       1.00      1.00      1.00        12
          3       1.00      1.00      1.00        14
          5       1.00      1.00      1.00        11
         11       1.00      1.00      1.00        41
         13       1.00      1.00      1.00        11
         14       1.00      1.00      1.00        10
         17       1.00      1.00      1.00        19
         34       1.00      1.00      1.00        21
         36       1.00      1.00      1.00        10
         53       1.00      1.00      1.00        10
         66       1.00      1.00      1.00        12
         74       1.00      1.00      1.00        10

avg / total       1.00      1.00      1.00       181
