             precision    recall  f1-score   support

          1       1.00      1.00      1.00        47
          2       0.89      0.94      0.92        18
          3       0.87      1.00      0.93        20
          4       1.00      1.00      1.00        34
          5       1.00      0.97      0.98        29
          6       1.00      1.00      1.00        71
          7       1.00      1.00      1.00        12
          8       1.00      1.00      1.00        12
         10       1.00      1.00      1.00        10
         11       1.00      0.75      0.86        12
         12       1.00      1.00      1.00        13
         13       1.00      1.00      1.00        39
         17       1.00      1.00      1.00        18
         19       1.00      0.95      0.97        20
         20       0.91      1.00      0.95        10

avg / total       0.99      0.98      0.98       365
