             precision    recall  f1-score   support

          1       1.00      0.99      0.99       318
          2       0.98      0.99      0.99      1087
          3       0.96      0.96      0.96       166
          4       0.98      0.97      0.98        67
          5       0.97      0.99      0.98       143
          6       0.89      0.95      0.92       104
          7       0.99      0.98      0.98       446
          8       0.98      0.99      0.98       712
          9       1.00      0.96      0.98        24
         10       0.99      0.98      0.98        84
         11       0.97      0.97      0.97        32
         12       0.81      0.85      0.83        65
         13       0.95      0.96      0.96       234
         15       0.94      0.82      0.88        40
         16       0.92      0.90      0.91        51
         17       0.93      0.84      0.88        61
         18       1.00      1.00      1.00        22
         19       0.92      0.96      0.94        50
         20       1.00      0.38      0.56        13
         21       1.00      0.97      0.98        30
         22       1.00      0.37      0.54        19
         23       0.87      0.91      0.89        44
         25       1.00      1.00      1.00        12
         27       0.75      0.86      0.80         7
         28       1.00      1.00      1.00         7
         32       0.86      0.86      0.86         7

avg / total       0.97      0.97      0.97      3845
