             precision    recall  f1-score   support

          1       0.81      0.79      0.80       478
          2       0.83      0.88      0.85       698
          3       0.68      0.56      0.61        72
          4       0.85      0.82      0.84        62
          5       0.79      0.81      0.80        94
          6       0.73      0.61      0.67        54
          7       1.00      0.62      0.77         8
          8       0.75      0.43      0.55         7
          9       0.72      0.76      0.74        17

avg / total       0.81      0.81      0.81      1490
