             precision    recall  f1-score   support

          1       0.89      0.94      0.91        96
          2       0.63      0.46      0.53       279
          3       0.77      0.82      0.80       622
          4       0.73      0.83      0.78       437
          5       0.97      0.78      0.86       107
          6       0.91      0.86      0.88       265
          7       0.86      0.87      0.87       964
          8       0.95      0.91      0.93       141
          9       0.89      0.93      0.91        27
         10       0.92      0.89      0.90       122

avg / total       0.82      0.82      0.82      3060
