             precision    recall  f1-score   support

          1       0.95      1.00      0.97       311
          2       1.00      0.80      0.89        10
          3       0.88      0.93      0.90        40
          4       0.93      0.82      0.87        17
          5       0.98      0.93      0.95        56
          6       1.00      0.62      0.77         8
          8       1.00      0.50      0.67        16
          9       0.88      0.93      0.90        15
         10       1.00      0.70      0.82        10
         13       0.75      0.86      0.80        14
         14       1.00      0.89      0.94         9
         16       1.00      0.86      0.92         7

avg / total       0.94      0.94      0.94       513
