             precision    recall  f1-score   support

          1       0.70      0.61      0.66       122
          2       0.99      1.00      0.99      3049
          3       0.67      0.57      0.62      2058
          4       0.88      0.86      0.87       411
          5       0.78      0.81      0.79       724
          6       0.82      0.89      0.85      2552
          7       0.80      0.83      0.81       855
          8       0.92      0.95      0.93       128
          9       0.80      0.82      0.81       252
         10       0.73      0.83      0.78       245
         11       0.87      0.87      0.87        53
         12       0.90      0.91      0.90       909
         13       0.95      0.95      0.95        42
         14       0.80      0.76      0.78       154
         16       0.80      0.50      0.62        24
         17       0.91      0.94      0.92        79
         18       0.67      0.18      0.29        11
         19       0.79      0.88      0.83        57
         20       0.78      0.70      0.74        10
         21       0.95      0.90      0.92        39
         22       0.80      0.86      0.83        96
         23       0.84      0.73      0.78        37
         24       0.89      0.79      0.84        73
         25       0.96      0.68      0.79        34
         26       0.62      0.60      0.61        35
         28       1.00      0.64      0.78        11
         29       0.78      0.93      0.84        41
         31       1.00      0.80      0.89        10

avg / total       0.84      0.84      0.84     12111
