             precision    recall  f1-score   support

          1       0.92      0.95      0.94       267
          2       0.91      0.91      0.91        95
          3       0.91      0.84      0.87        49
          4       0.95      0.97      0.96       201
          5       0.83      0.85      0.84       158
          6       0.91      0.93      0.92        45
          7       0.90      0.93      0.91       395
          8       0.80      0.79      0.80       119
          9       0.87      0.80      0.84        76
         10       0.83      0.26      0.40        19
         11       0.93      0.81      0.87        16
         12       1.00      0.93      0.96        14

avg / total       0.90      0.90      0.89      1454
