             precision    recall  f1-score   support

          1       0.92      0.94      0.93       232
          2       0.82      0.86      0.84       142
          3       0.95      0.94      0.94        79
          4       0.90      0.96      0.93       115
          5       0.81      0.91      0.86        46
          6       0.96      0.98      0.97        45
          7       0.84      0.84      0.84        31
          8       0.81      0.72      0.76        18
          9       0.67      0.40      0.51       121
         10       0.82      0.92      0.87       200
         11       0.96      0.98      0.97        44

avg / total       0.85      0.86      0.85      1073
