             precision    recall  f1-score   support

          1       0.74      0.61      0.67       476
          2       0.77      0.86      0.81       960
          3       0.85      0.61      0.71       857
          4       0.86      0.90      0.88      4795
          5       0.88      0.93      0.90      1543
          6       0.85      0.81      0.83      2064
          7       0.97      0.97      0.97       183
          8       0.97      0.98      0.97       191
          9       0.98      0.98      0.98       829
         10       0.95      0.94      0.94       100
         11       0.96      0.98      0.97       281
         12       1.00      0.93      0.96        43
         13       0.96      0.99      0.97       316
         14       0.96      1.00      0.98        49
         15       1.00      0.44      0.62        27
         16       0.94      0.89      0.91        66
         17       1.00      0.97      0.98       100
         18       0.83      0.79      0.81        24
         19       0.69      0.64      0.67        14
         20       0.78      0.54      0.64        13
         21       1.00      0.81      0.89        21

avg / total       0.87      0.87      0.86     12952
