             precision    recall  f1-score   support

          1       0.99      0.99      0.99       319
          2       0.99      1.00      0.99      1088
          3       0.95      0.95      0.95       167
          4       0.95      0.88      0.92        68
          5       0.95      0.98      0.96       143
          6       0.92      0.91      0.92       104
          7       0.96      0.98      0.97       447
          8       0.99      0.98      0.98       713
          9       0.89      0.96      0.92        25
         10       0.98      0.99      0.98        85
         11       1.00      1.00      1.00        33
         12       0.84      0.86      0.85        65
         13       0.95      0.97      0.96       235
         15       0.94      0.78      0.85        40
         16       0.89      0.94      0.91        51
         17       0.96      0.82      0.88        61
         18       0.92      0.96      0.94        23
         19       0.92      0.94      0.93        50
         20       0.90      0.64      0.75        14
         21       1.00      0.94      0.97        31
         22       0.79      0.75      0.77        20
         23       0.93      0.84      0.88        45
         25       1.00      0.69      0.82        13
         27       0.57      0.57      0.57         7
         28       0.89      1.00      0.94         8
         32       1.00      0.88      0.93         8

avg / total       0.97      0.97      0.97      3863
