             precision    recall  f1-score   support

          1       0.98      0.95      0.97       309
          2       0.95      0.97      0.96        58
          3       0.95      0.91      0.93        46
          4       0.89      0.97      0.93        95
          5       0.94      0.98      0.96       116
          6       0.92      0.67      0.77        33
          7       0.94      0.99      0.97        86
          8       0.96      0.85      0.90        26
          9       0.85      0.97      0.90        29

avg / total       0.95      0.95      0.95       798
