             precision    recall  f1-score   support

          1       0.93      0.98      0.96       287
          2       0.95      0.99      0.97      1301
          3       0.77      0.21      0.33       266
          4       0.93      0.98      0.96      1593
          5       0.96      0.94      0.95       433
          6       0.90      0.98      0.94       401
          7       0.92      0.99      0.95       441
          9       1.00      0.05      0.10        20

avg / total       0.93      0.93      0.92      4742
