             precision    recall  f1-score   support

          1       0.96      0.95      0.95       401
          2       0.72      0.74      0.73        98
          3       0.98      0.98      0.98      1621
          4       0.89      0.91      0.90        75
          5       0.83      0.77      0.80        13
          6       0.74      0.85      0.79        73
          7       0.78      0.75      0.77        53
          8       0.91      0.87      0.89        71
          9       0.75      0.85      0.80        39
         10       0.88      0.89      0.88       118
         11       0.86      0.75      0.80         8
         12       0.61      0.35      0.45        31
         14       0.90      0.82      0.86        11
         15       1.00      0.71      0.83         7
         16       0.88      0.88      0.88        26
         17       0.71      0.91      0.80        11
         18       0.78      0.48      0.60        29
         19       0.67      0.89      0.76        18
         20       0.75      0.75      0.75         8
         25       0.83      0.62      0.71         8
         26       0.83      0.71      0.77         7

avg / total       0.93      0.93      0.93      2726
