             precision    recall  f1-score   support

          1       0.58      0.55      0.57        47
          2       0.98      0.94      0.96        49
          3       0.47      0.48      0.48        31
          4       0.73      0.80      0.76        59
          7       0.67      0.55      0.60        11
          8       0.85      1.00      0.92        17
          9       0.67      0.67      0.67         9
         10       1.00      0.89      0.94         9
         11       0.67      0.73      0.70        11
         12       0.92      0.86      0.89        28
         13       1.00      0.86      0.92        14
         14       0.68      0.77      0.72        30
         15       0.85      0.65      0.73        17
         18       1.00      1.00      1.00        10
         19       0.87      0.93      0.90        14
         22       0.86      0.86      0.86         7

avg / total       0.77      0.77      0.77       363
