             precision    recall  f1-score   support

          1       0.87      0.90      0.88      5216
          2       0.82      0.80      0.81      1377
          3       0.86      0.83      0.85        36
          4       0.74      0.47      0.57        66
          5       0.75      0.62      0.68       975
          6       0.67      0.76      0.71       124
          7       0.71      0.76      0.74       187
          8       0.72      0.33      0.45        55
          9       0.52      0.59      0.56        37
         10       0.91      0.67      0.77        15
         12       0.50      0.39      0.44        31

avg / total       0.83      0.83      0.83      8119
