             precision    recall  f1-score   support

          1       0.85      0.84      0.84       167
          2       1.00      0.98      0.99       422
          3       0.73      0.76      0.74        71
          4       0.93      0.94      0.93       197
          5       0.82      0.87      0.85       278
          6       0.83      0.82      0.82        88
          7       0.44      0.25      0.32        28
          8       0.67      0.67      0.67        24

avg / total       0.88      0.89      0.88      1275
