             precision    recall  f1-score   support

          1       0.97      0.99      0.98      5893
          2       0.95      0.93      0.94       258
          3       0.99      0.98      0.98      1604
          4       0.85      0.83      0.84       288
          5       0.81      0.90      0.85       198
          6       0.98      0.96      0.97       387
          7       0.97      0.98      0.97       346
          8       0.91      0.79      0.85       437
          9       0.57      0.34      0.43        38
         10       0.86      0.84      0.85        58
         11       0.67      0.53      0.59        90
         13       0.85      0.79      0.82        43
         14       0.89      0.62      0.73        26
         15       0.93      0.90      0.91        69
         16       0.17      0.12      0.14        26
         17       1.00      0.64      0.78        11
         18       0.91      0.91      0.91        22
         19       0.58      0.70      0.64        10
         20       0.93      0.76      0.84        17
         21       0.95      0.87      0.91        23
         22       0.86      0.60      0.71        10
         23       0.83      0.45      0.59        11
         24       1.00      0.75      0.86         8
         25       0.81      0.89      0.85        28
         26       1.00      1.00      1.00         9

avg / total       0.95      0.96      0.95      9910
