             precision    recall  f1-score   support

          1       0.99      1.00      0.99       421
          2       0.73      0.67      0.70       100
          3       0.90      0.98      0.94       123
          4       0.80      0.87      0.84       111
          5       0.81      0.87      0.84        60
          6       0.94      0.94      0.94        35
          7       0.83      0.76      0.79        33
          8       0.94      0.94      0.94        34
          9       1.00      0.80      0.89        20
         11       0.94      0.63      0.76        27
         12       1.00      0.60      0.75        10

avg / total       0.91      0.91      0.91       974
