             precision    recall  f1-score   support

          1       0.93      0.97      0.95      1058
          2       0.93      0.90      0.91       589
          3       0.90      0.92      0.91       466
          4       0.76      0.80      0.78       387
          5       0.80      0.77      0.79       463
          6       0.85      0.85      0.85        62
          7       0.48      0.19      0.28        62
          8       0.72      0.96      0.82        24
          9       0.91      0.66      0.76        32
         10       0.75      0.84      0.79        87
         11       0.91      0.72      0.81        29
         12       0.36      0.18      0.24        22

avg / total       0.87      0.87      0.87      3281
