             precision    recall  f1-score   support

          1       0.90      0.95      0.92       109
          2       0.95      0.97      0.96      1423
          3       0.95      0.91      0.93       253
          4       0.88      0.87      0.87        83
          5       0.94      0.88      0.91       376
          6       0.94      0.96      0.95       275
          7       0.94      0.85      0.89       111
          9       0.44      0.31      0.36        13

avg / total       0.94      0.94      0.94      2643
