             precision    recall  f1-score   support

          1       0.99      0.98      0.99      3067
          2       0.98      0.98      0.98      1553
          3       0.95      0.98      0.97       199
          4       0.95      0.99      0.97      1851
          5       0.99      0.99      0.99      4552
          6       0.96      0.96      0.96      1992
          7       0.93      0.93      0.93       211
          8       0.94      0.89      0.91       618
          9       0.71      0.95      0.81        39
         10       1.00      0.98      0.99       230
         11       0.95      0.96      0.95        75
         12       0.97      0.96      0.96        90
         14       0.78      0.67      0.72        21
         15       0.83      0.68      0.75        22
         16       0.90      0.68      0.77        53
         17       0.98      0.96      0.97        47
         18       0.72      0.74      0.73        42
         19       0.88      0.90      0.89        41
         21       0.71      0.54      0.61        50
         22       0.88      0.68      0.77        22
         24       0.87      0.72      0.79        18
         25       0.29      0.50      0.36        12
         27       0.92      0.71      0.80        17

avg / total       0.97      0.97      0.97     14822
