             precision    recall  f1-score   support

          1       0.56      0.57      0.56       743
          2       0.62      0.71      0.67       918
          3       0.54      0.48      0.51       606
          4       0.77      0.45      0.57        53
          5       1.00      0.22      0.36         9
          6       0.61      0.61      0.61        23
          7       0.60      0.20      0.30        30
          8       0.86      0.86      0.86         7
          9       0.67      0.50      0.57         8
         10       0.88      0.58      0.70        12

avg / total       0.59      0.59      0.59      2409
