             precision    recall  f1-score   support

          1       0.85      0.93      0.89       179
          2       0.93      0.97      0.95       980
          3       0.73      0.67      0.70        70
          4       0.76      0.74      0.75       637
          5       0.99      0.95      0.97       242
          6       0.87      0.84      0.86        57
          7       0.74      0.69      0.71       235
          8       0.64      0.57      0.60        28
          9       0.84      0.89      0.86       188
         10       0.70      0.69      0.69        87
         11       0.52      0.55      0.53        29
         12       0.75      0.75      0.75        16
         13       0.79      0.72      0.76        43
         14       0.50      0.33      0.40         9
         15       0.75      0.27      0.40        11
         16       0.77      0.48      0.59        21

avg / total       0.84      0.85      0.84      2832
