             precision    recall  f1-score   support

          1       0.92      0.87      0.90       109
          2       0.96      0.97      0.97      1423
          3       0.92      0.91      0.92       253
          4       0.87      0.83      0.85        83
          5       0.94      0.91      0.93       376
          6       0.95      0.94      0.94       274
          7       0.90      0.92      0.91       111
          9       0.58      0.54      0.56        13

avg / total       0.94      0.94      0.94      2642
