             precision    recall  f1-score   support

          1       0.83      0.82      0.82       707
          2       0.92      0.96      0.94      4698
          3       0.90      0.62      0.73       348
          4       0.93      0.94      0.94      4113
          5       0.83      0.73      0.78       608
          6       0.75      0.30      0.43        20
          7       0.64      0.47      0.54        34
          9       0.67      0.67      0.67        12

avg / total       0.91      0.91      0.91     10540
