             precision    recall  f1-score   support

          1       0.98      0.98      0.98      2264
          2       0.99      0.98      0.99      1131
          3       0.90      0.85      0.87       277
          4       0.86      0.82      0.84       254
          5       0.82      0.78      0.79        40
          6       0.72      0.86      0.78       365
          7       0.70      0.45      0.55        88
          8       0.56      0.45      0.50        11

avg / total       0.94      0.94      0.94      4430
