             precision    recall  f1-score   support

          1       0.96      0.99      0.97      1275
          2       0.94      0.89      0.91        18
          3       0.68      0.57      0.62        47
          5       0.92      0.93      0.93       167
          6       1.00      0.77      0.87        13
          7       0.50      0.11      0.18         9
          8       0.55      0.67      0.60        33
          9       0.20      0.11      0.14         9
         10       1.00      0.75      0.86        16
         11       1.00      0.10      0.18        10
         12       0.55      0.46      0.50        13
         13       0.92      0.60      0.73        20

avg / total       0.93      0.93      0.93      1630
