             precision    recall  f1-score   support

          1       0.97      0.98      0.97      1569
          2       0.97      0.91      0.94       150
          3       0.97      0.99      0.98       340
          4       0.98      0.92      0.94       178
          5       0.93      0.93      0.93       241
          6       0.78      0.89      0.83        81
          7       0.92      0.85      0.88       161
          8       0.96      0.94      0.95       285
          9       0.96      0.93      0.95        28
         10       0.92      0.94      0.93       196
         11       0.75      0.80      0.77        15
         13       0.96      0.97      0.97       157
         14       0.60      0.43      0.50         7

avg / total       0.95      0.95      0.95      3408
