             precision    recall  f1-score   support

          1       0.71      0.74      0.72       935
          2       0.81      0.87      0.84       823
          3       0.58      0.48      0.53       541
          4       0.71      0.69      0.70        32
          5       0.20      0.08      0.11        13
          6       0.52      0.51      0.51        67
          7       0.71      0.29      0.42        17
          8       0.45      0.52      0.49        67
          9       1.00      0.84      0.91        19
         10       0.72      0.83      0.77        59
         11       0.97      0.91      0.94        33
         12       0.56      0.59      0.57        17
         13       0.25      0.09      0.13        11
         14       0.76      0.64      0.69        44
         15       0.80      1.00      0.89        12
         16       0.86      0.77      0.81        62

avg / total       0.71      0.71      0.71      2752
