             precision    recall  f1-score   support

          1       0.83      0.80      0.82       478
          2       0.82      0.87      0.84       698
          3       0.76      0.51      0.61        72
          4       0.82      0.82      0.82        61
          5       0.73      0.89      0.81        93
          6       0.66      0.54      0.59        54
          7       0.88      0.88      0.88         8
          8       1.00      0.43      0.60         7
          9       0.75      0.53      0.62        17

avg / total       0.81      0.81      0.81      1488
