             precision    recall  f1-score   support

          1       0.93      0.94      0.93      1950
          2       0.84      0.87      0.85      5127
          3       0.92      0.92      0.92      3673
          4       0.91      0.92      0.92      1449
          5       0.87      0.84      0.85      5247
          6       0.95      0.93      0.94      1150
          7       0.96      0.95      0.95       138
          8       1.00      0.88      0.93         8

avg / total       0.89      0.89      0.89     18742
