             precision    recall  f1-score   support

          1       0.55      0.55      0.55        31
          2       0.44      0.50      0.47         8
          3       0.82      0.94      0.87        48
          4       0.67      0.65      0.66        34
          5       0.79      0.86      0.82        76
          6       0.79      0.74      0.77        42
          7       0.90      0.70      0.79        40
          8       0.36      0.33      0.34        15

avg / total       0.74      0.74      0.74       294
