             precision    recall  f1-score   support

          1       0.82      0.85      0.83       359
          2       0.84      0.86      0.85        83
          3       0.43      0.15      0.23        59
          4       0.93      0.98      0.96      1581
          5       0.82      0.49      0.61        96
          6       0.56      0.41      0.48       116
          7       0.96      0.99      0.98       831
          8       0.61      0.58      0.60        77
          9       0.81      0.82      0.81       159
         10       0.63      0.55      0.59       172
         11       0.78      0.84      0.81       324
         12       0.62      0.33      0.43        48

avg / total       0.86      0.87      0.86      3905
