             precision    recall  f1-score   support

          1       0.96      0.99      0.98      1274
          2       0.89      0.94      0.91        17
          3       0.66      0.57      0.61        47
          5       0.94      0.95      0.94       167
          6       0.92      0.92      0.92        12
          7       0.50      0.12      0.20         8
          8       0.63      0.53      0.58        32
          9       0.00      0.00      0.00         8
         10       0.88      1.00      0.94        15
         11       0.40      0.20      0.27        10
         12       0.57      0.33      0.42        12
         13       0.93      0.70      0.80        20

avg / total       0.93      0.94      0.93      1622
