             precision    recall  f1-score   support

          1       0.92      0.92      0.92       117
          2       0.55      0.57      0.56        28
          3       0.55      0.46      0.50       145
          4       0.84      0.83      0.83        75
          5       0.85      0.85      0.85        68
          6       0.97      0.95      0.96       126
          7       0.66      0.78      0.72        63
          8       0.84      0.93      0.88       164
          9       0.63      0.58      0.60        45
         10       0.80      0.86      0.83        14

avg / total       0.79      0.79      0.79       845
