             precision    recall  f1-score   support

          1       0.92      0.94      0.93      9599
          2       0.91      0.91      0.91      7427
          3       0.84      0.67      0.74       200
          4       0.92      0.89      0.90      3646
          5       1.00      0.52      0.68        60
          6       0.81      0.77      0.79       242
          7       0.00      0.00      0.00        10
          9       1.00      0.10      0.18        10

avg / total       0.91      0.91      0.91     21194
