             precision    recall  f1-score   support

          2       0.95      0.91      0.93        43
          3       0.86      0.99      0.92       135
          4       1.00      0.78      0.88         9
          5       1.00      0.99      1.00       208
          6       0.69      0.64      0.67        14
          8       0.86      0.68      0.76        28
          9       1.00      1.00      1.00         8
         12       1.00      0.60      0.75        10
         14       1.00      0.70      0.82        10

avg / total       0.94      0.93      0.93       465
