             precision    recall  f1-score   support

          1       0.89      0.94      0.91      2567
          2       0.65      0.65      0.65       471
          3       0.89      0.97      0.93       734
          4       0.83      0.87      0.85       213
          5       1.00      0.01      0.02       118
          6       1.00      0.01      0.03        72
          9       0.00      0.00      0.00        13
         10       0.00      0.00      0.00        26

avg / total       0.86      0.86      0.84      4214
