             precision    recall  f1-score   support

          1       0.97      0.98      0.98      1602
          2       0.70      0.88      0.78        16
          3       0.93      0.97      0.95       746
          4       0.91      0.93      0.92       261
          5       0.97      0.81      0.88       108
          6       0.93      0.78      0.85       110
          7       0.88      0.64      0.74        11
          8       0.86      0.60      0.71        10
          9       0.00      0.00      0.00         7

avg / total       0.95      0.95      0.95      2871
