             precision    recall  f1-score   support

          1       0.99      0.99      0.99     13839
          2       0.97      0.99      0.98      1344
          3       0.95      0.86      0.90       130
          4       0.97      0.92      0.94       408
          5       0.93      0.90      0.92       377
          6       0.79      0.72      0.76       180
          7       0.77      0.71      0.74       337
          8       0.85      0.90      0.88       168
          9       0.92      0.93      0.92        86
         10       0.83      0.56      0.67         9
         11       0.75      0.77      0.76        35

avg / total       0.98      0.98      0.98     16913
