             precision    recall  f1-score   support

          1       0.94      0.85      0.89       178
          2       0.95      0.97      0.96       979
          3       0.65      0.67      0.66        70
          4       0.74      0.71      0.73       636
          5       0.97      0.97      0.97       242
          6       0.82      0.84      0.83        56
          7       0.68      0.75      0.71       234
          8       0.87      0.74      0.80        27
          9       0.82      0.92      0.87       188
         10       0.71      0.67      0.69        86
         11       0.75      0.52      0.61        29
         12       0.69      0.73      0.71        15
         13       0.84      0.76      0.80        42
         14       0.40      0.75      0.52         8
         15       1.00      0.18      0.31        11
         16       0.79      0.52      0.63        21

avg / total       0.85      0.84      0.84      2822
