             precision    recall  f1-score   support

          1       0.97      0.98      0.97       155
          2       0.95      0.94      0.94       180
          3       0.89      0.89      0.89        73
          4       0.99      0.97      0.98        75
          5       0.83      0.50      0.62        10
          6       0.91      0.92      0.92        77
          7       0.80      0.90      0.84        48
          8       0.97      0.91      0.94        32

avg / total       0.93      0.93      0.93       650
