             precision    recall  f1-score   support

          1       0.85      0.91      0.88       202
          2       0.75      0.88      0.81      8590
          3       0.89      0.90      0.90      1093
          4       0.62      0.36      0.46      3286
          5       0.84      0.89      0.86       749
          6       0.92      0.93      0.92      1093
          7       0.83      0.61      0.70       732
          8       0.87      0.80      0.83       640
          9       0.86      0.98      0.92       108
         10       0.80      0.49      0.61        73
         11       0.84      0.91      0.87       344
         12       0.89      0.95      0.92        79
         13       0.71      0.71      0.71        14
         14       0.62      0.59      0.61        17
         16       0.67      0.77      0.71        13

avg / total       0.76      0.77      0.75     17033
