             precision    recall  f1-score   support

          1       0.96      0.99      0.97       311
          2       0.89      0.80      0.84        10
          3       0.84      0.95      0.89        40
          4       0.79      0.88      0.83        17
          5       0.93      0.91      0.92        55
          6       0.88      1.00      0.93         7
          8       0.71      0.31      0.43        16
          9       1.00      0.80      0.89        15
         10       0.75      0.90      0.82        10
         13       0.90      0.64      0.75        14
         14       1.00      1.00      1.00         9
         16       0.86      0.86      0.86         7

avg / total       0.93      0.93      0.92       511
