             precision    recall  f1-score   support

          1       0.88      0.97      0.92       241
          2       0.96      0.97      0.96       205
          3       0.82      0.74      0.78        78
          5       0.68      0.74      0.71        23
          6       0.89      0.68      0.77        25
          7       0.78      0.88      0.82        16
          8       0.73      0.50      0.59        16
          9       0.83      0.54      0.66        37
         10       0.88      0.78      0.82         9
         11       0.92      0.92      0.92        12
         14       1.00      0.88      0.93         8

avg / total       0.88      0.88      0.88       670
