             precision    recall  f1-score   support

          1       0.91      0.89      0.90        46
          2       0.77      0.87      0.82       118
          4       0.67      0.18      0.29        11
          5       0.93      0.86      0.89        29
          6       0.82      0.78      0.80        96
          7       0.77      0.83      0.80       186
          8       0.25      0.05      0.08        20
          9       0.82      0.74      0.78        19
         10       0.88      0.78      0.82         9
         11       0.75      0.75      0.75        24
         13       0.86      0.91      0.88        33
         14       0.85      0.88      0.87        33

avg / total       0.79      0.80      0.79       624
