             precision    recall  f1-score   support

          1       0.77      0.86      0.81       295
          2       0.95      0.99      0.97      3245
          3       0.95      0.97      0.96      1211
          4       0.84      0.92      0.88       671
          5       0.67      0.33      0.44       824
          6       0.87      0.90      0.89       394
          7       0.98      1.00      0.99       366
          8       0.85      0.91      0.88       228
          9       0.84      0.77      0.80       360
         10       0.79      0.88      0.83       285
         11       0.80      0.82      0.81       654
         12       0.86      0.80      0.83       223
         13       0.87      0.84      0.85       183
         14       0.84      0.88      0.86       201
         15       0.40      0.58      0.47       211
         16       0.79      0.86      0.82       229
         18       0.25      0.04      0.07        23
         19       0.47      0.70      0.56        40
         20       0.38      0.38      0.38        45
         21       0.19      0.11      0.14        45
         23       0.35      0.46      0.40        50
         24       0.00      0.00      0.00        14

avg / total       0.85      0.86      0.85      9797
