             precision    recall  f1-score   support

          1       0.95      0.98      0.97      4433
          2       0.75      0.54      0.63       244
          3       0.73      0.83      0.78       173
          4       0.88      0.78      0.83       260
          5       0.86      0.79      0.82       266
          6       0.90      0.54      0.68        35
          7       0.96      0.59      0.73        37
          8       1.00      0.12      0.22         8
          9       0.77      0.45      0.57        22

avg / total       0.93      0.93      0.93      5478
