             precision    recall  f1-score   support

          1       0.50      0.29      0.36         7
          2       0.84      0.95      0.89       342
          3       0.93      0.93      0.93        41
          4       0.86      0.91      0.89        69
          5       0.93      0.99      0.96        81
          6       0.86      0.83      0.85        30
          7       0.95      0.97      0.96       270
          9       0.67      0.74      0.70        19
         10       0.86      0.92      0.89        48
         11       0.86      0.59      0.70       168
         12       0.90      0.90      0.90        39
         13       0.82      0.74      0.78        19
         15       0.80      0.75      0.77        16
         17       0.81      0.72      0.76        18
         18       0.83      0.59      0.69        17
         19       0.50      0.25      0.33         8
         21       1.00      0.67      0.80         9
         24       0.31      0.57      0.40         7

avg / total       0.87      0.87      0.86      1208
