             precision    recall  f1-score   support

          1       0.91      0.95      0.93        81
          2       0.75      0.78      0.77        23
          3       0.50      0.36      0.42        11
          4       0.97      0.96      0.96        71
          5       0.87      0.92      0.89        50
          7       0.75      0.33      0.46         9
          8       0.94      0.96      0.95        48
         13       0.86      0.86      0.86         7

avg / total       0.89      0.89      0.89       300
