             precision    recall  f1-score   support

          1       0.83      0.80      0.82       907
          2       1.00      1.00      1.00     12362
          3       0.94      0.98      0.96      9176
          4       0.82      0.69      0.75      1720
          5       0.90      0.88      0.89       814
          6       0.91      0.92      0.92       753
          7       0.92      0.95      0.94      4740
          8       0.81      0.70      0.75        61
          9       0.91      0.92      0.92      1154
         10       0.85      0.90      0.87       165
         11       0.85      0.90      0.87       175
         12       0.82      0.73      0.77       119
         13       0.74      0.54      0.63       213
         14       0.52      0.24      0.33       114
         15       0.81      0.81      0.81        53
         16       0.81      0.66      0.72        32
         17       0.79      0.69      0.74        88
         18       0.67      0.21      0.32        48
         19       0.79      0.66      0.72        50
         20       0.00      0.00      0.00        14
         21       0.64      0.44      0.52        16
         22       0.87      0.93      0.90        14

avg / total       0.94      0.94      0.94     32788
