             precision    recall  f1-score   support

          2       0.95      0.93      0.94        43
          3       0.90      0.99      0.94       135
          4       0.67      0.22      0.33         9
          5       1.00      1.00      1.00       208
          6       0.67      0.67      0.67        15
          8       0.88      0.79      0.83        28
          9       1.00      1.00      1.00         8
         12       0.78      0.70      0.74        10
         14       1.00      0.90      0.95        10

avg / total       0.94      0.94      0.94       466
