             precision    recall  f1-score   support

          1       0.71      0.61      0.65       122
          2       1.00      0.99      1.00      3048
          3       0.68      0.58      0.63      2058
          4       0.85      0.88      0.86       410
          5       0.79      0.83      0.81       723
          6       0.82      0.88      0.85      2552
          7       0.79      0.84      0.81       855
          8       0.94      0.91      0.93       128
          9       0.74      0.77      0.75       252
         10       0.77      0.73      0.75       244
         11       0.91      0.83      0.87        52
         12       0.87      0.93      0.90       909
         13       0.95      0.95      0.95        42
         14       0.74      0.78      0.76       153
         16       0.75      0.25      0.38        24
         17       0.93      0.95      0.94        79
         18       0.40      0.36      0.38        11
         19       0.83      0.91      0.87        57
         20       0.82      1.00      0.90         9
         21       1.00      0.87      0.93        38
         22       0.81      0.86      0.84        95
         23       0.86      0.86      0.86        37
         24       0.82      0.85      0.84        72
         25       0.93      0.79      0.85        33
         26       0.83      0.74      0.78        34
         28       0.73      0.80      0.76        10
         29       0.89      0.78      0.83        41
         31       0.89      0.80      0.84        10

avg / total       0.84      0.84      0.84     12098
