             precision    recall  f1-score   support

          1       0.74      0.64      0.69       431
          2       0.95      0.99      0.97      1081
          3       0.98      0.95      0.97       650
          4       0.56      0.63      0.60       284
          5       0.94      0.94      0.94        97
          6       0.96      0.94      0.95       221
          7       0.94      0.86      0.90        59
          8       0.95      0.90      0.93        21

avg / total       0.89      0.88      0.88      2844
