             precision    recall  f1-score   support

          1       0.68      0.69      0.68        39
          2       0.97      0.99      0.98       470
          3       0.80      0.80      0.80        30
          4       0.89      0.89      0.89         9
          5       1.00      1.00      1.00        20
          6       0.75      0.71      0.73        17
          9       1.00      1.00      1.00         8
         11       0.22      0.12      0.16        16

avg / total       0.92      0.93      0.92       609
