             precision    recall  f1-score   support

          1       0.96      0.88      0.92        26
          2       0.92      1.00      0.96        46
          3       0.86      0.97      0.91        38
          4       0.84      0.90      0.87        41
          5       0.94      1.00      0.97        32
          6       0.77      0.92      0.84        37
          7       0.85      0.74      0.80        47
          8       0.90      0.94      0.92        99
         10       0.84      0.90      0.87        29
         11       0.90      0.90      0.90        10
         12       1.00      0.75      0.86        24
         13       0.92      0.98      0.95       130
         14       0.92      0.91      0.92        91
         15       0.37      0.13      0.20        52
         16       0.98      0.94      0.96        68
         17       0.89      0.92      0.91        63
         18       0.89      0.92      0.91        37
         19       0.92      0.96      0.94        25
         20       0.95      0.95      0.95        21
         21       0.97      1.00      0.99        39
         24       0.85      0.85      0.85        41
         25       0.97      0.97      0.97        32
         26       0.94      0.89      0.91        18
         27       0.96      0.93      0.94        72
         28       1.00      0.95      0.97        19
         29       1.00      1.00      1.00        11
         32       0.88      0.95      0.91        37
         33       0.85      0.92      0.88        25
         34       0.93      0.78      0.85        18
         35       0.25      0.11      0.15         9
         36       0.89      1.00      0.94        34
         37       0.90      1.00      0.95        19
         38       1.00      0.89      0.94         9
         39       0.82      0.95      0.88        19
         40       0.88      1.00      0.93        14
         41       1.00      1.00      1.00         8
         42       0.95      1.00      0.98        20
         43       0.94      1.00      0.97        16
         45       0.83      1.00      0.90        19
         46       0.89      1.00      0.94         8

avg / total       0.89      0.90      0.89      1403
