             precision    recall  f1-score   support

          1       0.81      0.87      0.84       359
          2       0.80      0.86      0.83        83
          3       0.35      0.14      0.20        59
          4       0.92      0.99      0.95      1582
          5       0.79      0.27      0.40        96
          6       0.62      0.47      0.53       116
          7       0.96      0.98      0.97       832
          8       0.69      0.69      0.69        77
          9       0.77      0.79      0.78       159
         10       0.62      0.51      0.56       172
         11       0.80      0.83      0.81       324
         12       0.62      0.27      0.38        48

avg / total       0.86      0.87      0.86      3907
