             precision    recall  f1-score   support

          1       0.98      0.99      0.98       198
          2       0.96      0.98      0.97      1050
          3       0.92      0.71      0.80        17
          4       0.98      0.97      0.98       146
          5       0.83      0.75      0.79       126
          6       0.83      0.86      0.85        29
          7       1.00      1.00      1.00         8
          8       1.00      1.00      1.00         9

avg / total       0.95      0.95      0.95      1583
