             precision    recall  f1-score   support

          1       0.93      0.95      0.94      1437
          2       0.99      0.99      0.99      1460
          3       0.71      0.83      0.76        35
          4       0.67      0.67      0.67        42
          5       0.71      0.48      0.57        21
          6       0.80      0.29      0.42        14
          7       0.73      0.35      0.47        23
          9       0.72      0.80      0.76        70
         10       0.71      0.56      0.63         9
         11       1.00      0.24      0.38        21

avg / total       0.94      0.95      0.94      3132
