             precision    recall  f1-score   support

          1       0.99      0.99      0.99     13840
          2       0.98      0.98      0.98      1344
          3       0.93      0.88      0.91       130
          4       0.95      0.93      0.94       408
          5       0.91      0.91      0.91       377
          6       0.77      0.78      0.77       181
          7       0.76      0.73      0.75       337
          8       0.88      0.87      0.88       168
          9       0.93      0.87      0.90        86
         10       0.83      0.56      0.67         9
         11       0.65      0.63      0.64        35

avg / total       0.98      0.98      0.98     16915
