             precision    recall  f1-score   support

          1       0.97      0.99      0.98       669
          2       0.84      0.89      0.87       137
          3       0.89      0.88      0.88       125
          4       0.57      0.33      0.42        12
          5       0.89      0.86      0.88        29
          6       0.59      0.38      0.47        26
          7       0.79      0.75      0.77        20
          8       0.94      0.84      0.89        19

avg / total       0.92      0.93      0.92      1037
