             precision    recall  f1-score   support

          1       0.63      0.72      0.67      4677
          2       0.81      0.77      0.79      2385
          3       0.79      0.78      0.79      3950
          4       0.79      0.95      0.86        81
          5       0.97      0.94      0.96      1370
          6       0.45      0.30      0.36       586
          7       0.94      0.97      0.95      1211
          8       0.58      0.39      0.46       762

avg / total       0.75      0.75      0.75     15022
