             precision    recall  f1-score   support

          1       0.74      0.92      0.82       604
          2       0.64      0.51      0.57       136
          3       0.00      0.00      0.00        24
          8       0.29      0.11      0.16        35
          9       0.25      0.13      0.17        23
         11       0.33      0.07      0.11        15
         12       0.00      0.00      0.00        13
         13       0.33      0.27      0.30        15
         14       1.00      0.25      0.40         8
         15       0.25      0.14      0.18         7
         18       0.29      0.14      0.19        14
         19       1.00      0.38      0.55         8
         21       0.50      0.11      0.18         9
         29       0.00      0.00      0.00         8

avg / total       0.64      0.70      0.66       919
