             precision    recall  f1-score   support

          1       0.80      0.80      0.80        10
          2       0.98      0.92      0.95        87
          3       0.97      0.95      0.96        65
          4       0.81      1.00      0.90        13
          5       0.81      1.00      0.89        17
          6       0.90      1.00      0.95        19
          7       1.00      0.86      0.92         7
         10       0.75      0.86      0.80         7
         11       0.50      0.29      0.36         7

avg / total       0.92      0.92      0.92       232
