             precision    recall  f1-score   support

          1       0.84      0.85      0.84       203
          2       0.75      0.88      0.81      8591
          3       0.87      0.90      0.89      1093
          4       0.62      0.36      0.46      3287
          5       0.84      0.89      0.86       749
          6       0.92      0.91      0.92      1094
          7       0.80      0.60      0.69       732
          8       0.86      0.80      0.83       641
          9       0.87      0.99      0.93       108
         10       0.67      0.51      0.58        74
         11       0.80      0.92      0.85       344
         12       0.91      0.86      0.88        79
         13       0.71      0.86      0.77        14
         14       0.86      0.67      0.75        18
         16       0.91      0.71      0.80        14

avg / total       0.76      0.77      0.75     17041
