             precision    recall  f1-score   support

          1       0.93      0.92      0.93       137
          2       0.80      0.84      0.82       229
          3       0.76      0.78      0.77       240
          4       0.91      0.96      0.93       149
          5       0.88      0.86      0.87        71
          6       1.00      0.25      0.40         8
          7       1.00      0.11      0.20         9
          8       0.80      0.33      0.47        12
          9       0.89      0.81      0.85        21
         10       1.00      0.94      0.97        17

avg / total       0.84      0.84      0.83       893
