             precision    recall  f1-score   support

          1       0.95      0.98      0.96        90
          2       0.76      0.76      0.76        21
          3       0.63      0.67      0.65        18
          4       0.54      0.44      0.48        16
          5       0.61      0.68      0.64        25
          7       0.69      0.61      0.65        18
          8       0.79      0.83      0.81        18
          9       0.67      0.53      0.59        15

avg / total       0.78      0.79      0.78       221
