             precision    recall  f1-score   support

          1       0.84      0.91      0.87       117
          2       0.76      0.55      0.64        29
          3       0.68      0.57      0.62       145
          4       0.85      0.91      0.88        75
          5       0.85      0.76      0.81        68
          6       0.95      0.95      0.95       126
          7       0.70      0.86      0.77        63
          8       0.84      0.89      0.87       164
          9       0.74      0.71      0.73        45
         10       0.69      0.73      0.71        15

avg / total       0.81      0.81      0.81       847
