             precision    recall  f1-score   support

          1       0.74      0.87      0.80       605
          2       0.62      0.55      0.58       137
          3       0.33      0.17      0.22        24
          8       0.33      0.11      0.17        35
          9       0.38      0.22      0.28        23
         11       0.17      0.07      0.10        15
         12       0.00      0.00      0.00        14
         13       0.19      0.27      0.22        15
         14       0.50      0.12      0.20         8
         15       0.00      0.00      0.00         8
         18       0.44      0.29      0.35        14
         19       0.25      0.25      0.25         8
         21       0.00      0.00      0.00         9
         29       1.00      0.12      0.22         8

avg / total       0.63      0.68      0.65       923
