             precision    recall  f1-score   support

          1       0.90      0.92      0.91      2499
          2       0.95      0.96      0.96       165
          3       0.93      0.94      0.93      2107
          4       0.90      0.92      0.91      2243
          5       0.25      0.01      0.02       122
          6       0.94      0.89      0.92       123
          7       0.88      0.89      0.89       253
          8       0.99      0.99      0.99       513
          9       0.98      0.99      0.99       400
         10       0.99      0.97      0.98       100
         11       0.88      0.80      0.83        44

avg / total       0.91      0.92      0.91      8569
