             precision    recall  f1-score   support

          2       0.84      0.84      0.84        19
          3       0.98      0.98      0.98        47
          4       0.93      0.93      0.93        28
          5       0.94      0.95      0.94       115
          6       0.99      0.99      0.99        90
          7       0.71      0.63      0.67        35
          8       0.75      0.66      0.70       142
         10       0.49      0.63      0.55        38
         13       0.40      0.29      0.33         7
         14       0.89      1.00      0.94         8
         15       0.57      0.40      0.47        10
         16       0.86      0.90      0.88        20
         17       0.57      0.67      0.62        12
         18       0.61      0.95      0.74        21
         19       0.94      0.80      0.86        20
         22       0.55      0.60      0.57        10

avg / total       0.82      0.82      0.82       622
