             precision    recall  f1-score   support

          1       0.92      0.95      0.94      9599
          2       0.92      0.91      0.92      7427
          3       0.80      0.70      0.75       199
          4       0.93      0.89      0.91      3645
          5       0.94      0.53      0.67        59
          6       0.81      0.81      0.81       241
          7       0.80      0.44      0.57         9
          9       0.67      0.22      0.33         9

avg / total       0.92      0.92      0.92     21188
