             precision    recall  f1-score   support

          1       0.93      0.94      0.94      4152
          2       0.64      0.68      0.66       468
          3       0.46      0.33      0.38       152
          4       1.00      0.84      0.91        68
          5       0.69      0.48      0.56        23
          6       0.69      0.68      0.68       355
          7       0.78      0.79      0.78        48
          8       0.81      0.81      0.81        16
          9       0.65      0.70      0.68        91
         10       0.85      0.92      0.88        37

avg / total       0.87      0.87      0.87      5410
