             precision    recall  f1-score   support

          1       0.74      0.62      0.68       475
          2       0.77      0.86      0.81       959
          3       0.81      0.61      0.69       856
          4       0.85      0.90      0.87      4794
          5       0.89      0.92      0.90      1542
          6       0.86      0.81      0.84      2064
          7       0.98      0.98      0.98       182
          8       0.98      0.98      0.98       190
          9       0.98      0.98      0.98       829
         10       0.92      0.95      0.94       100
         11       0.97      0.97      0.97       281
         12       1.00      0.98      0.99        42
         13       0.99      0.98      0.98       315
         14       0.94      0.94      0.94        48
         15       0.88      0.54      0.67        26
         16       0.92      0.89      0.91        65
         17       0.97      0.97      0.97        99
         18       0.70      0.58      0.64        24
         19       0.77      0.71      0.74        14
         20       0.89      0.67      0.76        12
         21       0.78      0.90      0.84        20

avg / total       0.86      0.86      0.86     12937
