             precision    recall  f1-score   support

          1       0.84      0.76      0.80       214
          2       0.87      0.91      0.89       942
          3       0.88      0.84      0.86        45
          4       0.76      0.68      0.72       463
          5       0.97      0.99      0.98       551
          6       0.82      0.85      0.83       110
          7       0.85      0.91      0.88       190
          8       0.96      0.97      0.97       198
          9       0.84      0.87      0.86       106
         10       0.77      0.71      0.74        24
         11       0.84      0.69      0.76        52
         12       0.80      0.80      0.80       253
         13       0.67      0.80      0.73        20

avg / total       0.86      0.86      0.86      3168
