             precision    recall  f1-score   support

          1       0.89      0.89      0.89        27
          2       0.83      1.00      0.91        24
          3       0.86      0.64      0.73        47
          4       1.00      0.76      0.86        21
          5       0.78      0.83      0.80        52
          6       0.89      0.84      0.86        19
          7       0.63      0.73      0.67        44
          8       0.81      1.00      0.90        13

avg / total       0.81      0.80      0.80       247
