             precision    recall  f1-score   support

          1       0.77      0.74      0.75        31
          2       0.33      0.11      0.17         9
          3       0.98      0.83      0.90        48
          4       0.69      0.71      0.70        34
          5       0.71      0.88      0.79        77
          6       0.77      0.81      0.79        42
          7       0.89      0.80      0.85        41
          8       0.64      0.47      0.54        15

avg / total       0.77      0.77      0.77       297
