             precision    recall  f1-score   support

          1       1.00      1.00      1.00      1710
          2       0.99      1.00      0.99      2958
          3       0.98      0.98      0.98       737
          4       0.98      0.99      0.99      1036
          5       0.95      0.98      0.96       204
          6       0.80      0.92      0.85        60
          7       0.94      0.72      0.82        43
          8       0.62      0.58      0.60        31
          9       0.67      0.49      0.57        77
         10       0.93      0.98      0.95        81
         11       0.72      0.83      0.77        52
         12       0.90      0.90      0.90        41
         13       0.77      0.85      0.80        39
         14       0.94      0.71      0.81        21
         16       0.86      0.48      0.62        25
         17       0.89      0.71      0.79        24

avg / total       0.98      0.98      0.98      7139
