             precision    recall  f1-score   support

          1       0.92      0.90      0.91      2580
          2       0.94      0.86      0.90      1804
          3       0.91      0.86      0.88      1554
          4       0.62      0.86      0.72       873
          5       0.91      0.76      0.83        68
          7       0.69      0.35      0.46        52
          8       0.75      0.60      0.67        35
          9       0.53      0.47      0.50        34

avg / total       0.88      0.87      0.87      7000
