             precision    recall  f1-score   support

          1       0.96      0.92      0.94        25
          2       0.96      0.98      0.97        45
          3       0.88      0.95      0.91        37
          4       0.85      0.95      0.90        41
          5       0.94      1.00      0.97        31
          6       0.85      0.92      0.88        37
          7       0.76      0.85      0.80        46
          8       0.92      0.93      0.92        98
         10       0.93      0.89      0.91        28
         11       0.80      0.89      0.84         9
         12       0.92      0.96      0.94        23
         13       0.95      0.98      0.97       130
         14       0.95      0.96      0.95        91
         15       0.53      0.17      0.26        52
         16       0.96      0.99      0.97        67
         17       0.87      0.87      0.87        62
         18       0.90      0.75      0.82        36
         19       0.92      0.96      0.94        24
         20       0.95      1.00      0.98        20
         21       0.97      0.97      0.97        38
         24       0.89      1.00      0.94        40
         25       1.00      0.97      0.98        31
         26       1.00      0.94      0.97        17
         27       0.92      0.94      0.93        72
         28       0.90      1.00      0.95        18
         29       0.92      1.00      0.96        11
         32       0.94      0.94      0.94        36
         33       0.85      0.96      0.90        24
         34       0.94      0.89      0.91        18
         35       0.67      0.25      0.36         8
         36       1.00      1.00      1.00        33
         37       0.95      1.00      0.97        19
         38       0.90      1.00      0.95         9
         39       0.86      0.95      0.90        19
         40       0.93      1.00      0.96        13
         41       0.75      0.86      0.80         7
         42       0.95      1.00      0.97        19
         43       0.93      0.87      0.90        15
         45       0.89      0.89      0.89        18
         46       1.00      1.00      1.00         8

avg / total       0.90      0.91      0.90      1375
