             precision    recall  f1-score   support

          1       0.62      0.49      0.55        41
          2       0.88      0.90      0.89       109
          3       0.74      0.86      0.79        87
          4       0.71      0.63      0.67        46
          5       0.71      0.79      0.74       238
          6       0.74      0.67      0.70        30
          7       0.88      0.92      0.90        24
          8       0.55      0.31      0.40        58
          9       0.50      0.27      0.35        11
         10       0.79      0.79      0.79        14
         11       0.79      0.89      0.84        37
         12       0.58      0.47      0.52        15
         13       0.85      0.85      0.85        13
         15       0.78      0.78      0.78        18

avg / total       0.73      0.74      0.73       741
