             precision    recall  f1-score   support

          1       0.96      0.98      0.97       917
          2       0.72      0.69      0.71        85
          3       0.96      0.94      0.95       834
          4       0.87      0.92      0.89       212
          5       0.91      0.84      0.87        49
          6       0.63      0.51      0.57        88
          7       0.93      0.74      0.82        19
          8       0.81      0.76      0.79        34

avg / total       0.92      0.92      0.92      2238
