             precision    recall  f1-score   support

          1       0.97      0.99      0.98      1183
          2       0.98      0.95      0.96        99
          3       0.78      0.78      0.78        37
          4       0.96      0.91      0.94       136
          5       0.71      0.86      0.77        28
          6       0.99      0.98      0.98       169
          7       0.89      0.80      0.84        10
          8       0.97      0.98      0.98       117
          9       0.91      1.00      0.95        10
         11       0.83      0.94      0.88        36
         12       0.88      0.91      0.89        23
         13       0.71      0.42      0.53        12
         14       1.00      0.86      0.92         7
         16       0.89      0.89      0.89         9
         18       1.00      1.00      1.00        12
         20       1.00      0.79      0.88        24
         22       0.92      0.85      0.88        13
         23       0.94      1.00      0.97        15
         24       1.00      0.38      0.55         8

avg / total       0.96      0.96      0.96      1948
