             precision    recall  f1-score   support

          1       0.65      0.47      0.54       124
          2       0.90      0.90      0.90       111
          3       0.95      0.97      0.96        38
          4       1.00      1.00      1.00       274
          5       0.96      0.96      0.96       228
          6       0.86      0.93      0.90       531
          7       0.94      0.92      0.93       130
          8       1.00      0.71      0.83        17

avg / total       0.90      0.90      0.90      1453
