             precision    recall  f1-score   support

          1       0.99      0.98      0.99      1341
          2       0.82      0.91      0.86       469
          3       0.74      0.29      0.42        48
          4       0.94      0.98      0.96       503
          5       0.96      0.99      0.97       414
          6       0.72      0.55      0.62       183
          8       0.93      0.91      0.92        57
          9       0.99      0.99      0.99       139
         10       0.95      0.93      0.94        41

avg / total       0.93      0.94      0.93      3195
