             precision    recall  f1-score   support

          1       0.96      0.99      0.98      5894
          2       0.93      0.92      0.93       258
          3       0.98      0.98      0.98      1605
          4       0.89      0.81      0.85       289
          5       0.77      0.91      0.83       198
          6       0.98      0.98      0.98       387
          7       0.97      0.99      0.98       346
          8       0.93      0.78      0.85       437
          9       0.79      0.29      0.42        38
         10       0.91      0.85      0.88        59
         11       0.69      0.51      0.59        90
         13       0.84      0.84      0.84        43
         14       1.00      0.56      0.71        27
         15       0.93      0.77      0.84        69
         16       0.50      0.35      0.41        26
         17       1.00      0.64      0.78        11
         18       0.92      0.96      0.94        23
         19       0.89      0.73      0.80        11
         20       0.84      0.94      0.89        17
         21       1.00      0.92      0.96        24
         22       0.89      0.73      0.80        11
         23       0.50      0.27      0.35        11
         24       0.82      1.00      0.90         9
         25       0.85      0.61      0.71        28
         26       1.00      1.00      1.00         9

avg / total       0.95      0.95      0.95      9920
