             precision    recall  f1-score   support

          1       0.86      0.86      0.86       678
          2       0.90      0.90      0.90       745
          3       0.98      0.99      0.99      3307
          4       0.93      0.95      0.94      1308
          5       0.95      0.91      0.93       368
          6       0.90      0.89      0.89       375
          7       0.96      0.97      0.96      2339
          8       0.80      0.67      0.73       387
          9       0.85      0.88      0.86       300
         10       0.81      0.83      0.82       297
         11       0.98      0.98      0.98       400
         12       0.88      0.93      0.90        15
         13       0.80      0.63      0.71        19
         14       0.81      0.62      0.70        21

avg / total       0.94      0.94      0.94     10559
