             precision    recall  f1-score   support

          1       0.98      0.99      0.98      1182
          2       1.00      0.94      0.97        98
          3       0.90      0.97      0.93        36
          4       0.95      0.91      0.93       135
          5       0.92      0.89      0.91        27
          6       0.97      0.98      0.98       169
          7       0.73      0.89      0.80         9
          8       0.98      0.94      0.96       116
          9       1.00      1.00      1.00        10
         11       0.82      0.94      0.88        35
         12       1.00      0.87      0.93        23
         13       0.38      0.27      0.32        11
         14       1.00      1.00      1.00         7
         16       0.89      1.00      0.94         8
         18       1.00      1.00      1.00        11
         20       0.85      0.74      0.79        23
         22       0.90      0.75      0.82        12
         23       1.00      0.86      0.92        14
         24       0.67      0.75      0.71         8

avg / total       0.96      0.96      0.96      1934
