             precision    recall  f1-score   support

          1       0.87      0.63      0.73       324
          2       0.95      0.87      0.91       172
          3       0.93      0.60      0.73       272
          4       0.88      0.58      0.70       261
          5       0.93      0.49      0.64        77
          6       0.80      0.29      0.42        14
          7       0.91      0.91      0.91     15531
          8       0.90      0.93      0.91     15006
          9       0.93      0.91      0.92      2457
         10       0.80      0.81      0.80      1229
         11       0.76      0.55      0.64       506
         12       0.87      0.88      0.87       386

avg / total       0.90      0.90      0.90     36235
