             precision    recall  f1-score   support

          1       0.98      0.99      0.98       541
          2       0.95      0.95      0.95        56
          3       0.76      0.88      0.82        33
          4       0.62      0.58      0.60        26
          5       0.98      0.82      0.89        62
          6       0.96      0.97      0.97       148
          7       0.87      0.93      0.90        14
          8       0.83      0.71      0.77         7
         10       0.70      0.70      0.70        10
         12       1.00      0.91      0.95        11

avg / total       0.95      0.95      0.95       908
