             precision    recall  f1-score   support

          1       0.98      0.99      0.99       541
          2       0.93      0.96      0.95        57
          3       0.86      0.76      0.81        33
          4       0.81      0.65      0.72        26
          5       0.92      0.94      0.93        62
          6       0.94      0.98      0.96       149
          7       0.85      0.73      0.79        15
          8       1.00      0.50      0.67         8
         10       0.86      0.55      0.67        11
         12       1.00      0.91      0.95        11

avg / total       0.95      0.95      0.95       913
