             precision    recall  f1-score   support

          1       0.75      0.87      0.80        78
          2       0.81      0.88      0.84       321
          3       0.57      0.52      0.55        82
          4       0.40      0.12      0.18        17
          5       0.72      0.50      0.59        42
          6       0.68      0.72      0.70        87
          7       0.85      0.82      0.84        68
          8       0.90      0.88      0.89       102
          9       0.79      0.79      0.79        14
         10       0.56      0.61      0.58        62
         11       0.90      0.86      0.88        87
         12       0.80      0.35      0.48        23
         13       0.70      1.00      0.82         7

avg / total       0.77      0.77      0.76       990
