             precision    recall  f1-score   support

          1       0.85      0.97      0.91       550
          2       0.99      0.99      0.99      1687
          3       0.98      0.98      0.98       599
          4       0.97      0.98      0.98      2657
          5       0.93      0.91      0.92       938
          6       0.99      0.99      0.99      2107
          7       1.00      0.98      0.99       254
          8       0.98      1.00      0.99        91
          9       0.95      0.98      0.96       135
         10       0.86      0.45      0.60       154
         11       1.00      0.97      0.99        71
         12       0.99      0.85      0.91        79
         13       0.92      0.99      0.95       145
         14       0.96      0.83      0.89        30

avg / total       0.97      0.97      0.96      9497
