             precision    recall  f1-score   support

          1       0.80      0.81      0.81       990
          2       0.68      0.73      0.71      1128
          3       0.77      0.80      0.78       161
          4       0.77      0.81      0.79       583
          5       0.74      0.63      0.68       512
          6       0.80      0.76      0.78       220
          7       0.77      0.75      0.76       146
          8       0.67      0.59      0.63        63
          9       0.75      0.57      0.65       107

avg / total       0.75      0.75      0.75      3910
