             precision    recall  f1-score   support

          1       0.97      0.99      0.98      1552
          2       0.90      0.86      0.88       116
          4       0.83      1.00      0.91        10
          5       0.75      0.25      0.38        24
          6       0.91      0.92      0.92        92
          7       1.00      0.90      0.95        10
          8       1.00      0.46      0.63        13
         10       0.80      0.67      0.73        12
         11       1.00      0.73      0.84        11
         14       0.64      0.75      0.69        12

avg / total       0.96      0.96      0.96      1852
