             precision    recall  f1-score   support

          1       0.86      0.93      0.89       610
          2       0.89      0.93      0.91       360
          3       0.85      0.86      0.86        95
          4       0.73      0.82      0.77       119
          5       0.93      0.90      0.92        31
          6       0.75      0.77      0.76       246
          7       0.83      0.88      0.86       274
          8       0.90      0.92      0.91       361
          9       0.87      0.92      0.89       368
         10       0.79      0.83      0.81        84
         11       0.74      0.80      0.77        40
         12       0.77      0.81      0.79       214
         13       0.82      0.88      0.85       268
         14       0.84      0.89      0.86       542
         15       0.78      0.78      0.78        68
         16       0.93      0.93      0.93       208
         17       0.85      0.81      0.83        21
         18       1.00      0.91      0.95        32
         19       0.81      0.88      0.84       117
         20       0.89      0.86      0.87        83
         21       0.75      0.75      0.75       114
         22       0.65      0.55      0.60       961
         23       0.81      0.91      0.86       290
         24       0.89      0.94      0.91       365
         25       0.80      0.73      0.76       108
         27       0.89      0.92      0.90       168
         28       0.80      0.36      0.50        33
         29       0.76      0.81      0.78        99
         30       0.80      0.66      0.72       194
         31       0.88      0.81      0.84       247
         32       0.73      0.85      0.79        48
         33       0.71      0.48      0.57        21
         34       0.68      0.72      0.70       104
         35       0.70      0.37      0.48        43
         36       0.64      0.54      0.59        59
         37       0.68      0.51      0.58        53
         38       0.83      0.77      0.80        13
         39       0.80      0.80      0.80        41
         40       0.94      0.91      0.92        98
         41       0.67      1.00      0.80         8
         42       0.92      0.92      0.92        85
         43       0.83      0.89      0.86        85
         44       0.94      0.77      0.85        22
         45       0.74      0.53      0.62        32
         46       0.71      0.59      0.65        17
         47       0.88      0.79      0.83        19
         48       0.55      0.43      0.48        14
         49       0.92      1.00      0.96        11
         51       0.90      1.00      0.95         9
         52       0.83      0.86      0.85        29

avg / total       0.81      0.82      0.81      7531
