             precision    recall  f1-score   support

          1       0.79      0.81      0.80       991
          2       0.65      0.72      0.68      1129
          3       0.83      0.81      0.82       161
          4       0.81      0.80      0.80       584
          5       0.73      0.66      0.69       513
          6       0.83      0.80      0.82       220
          7       0.81      0.76      0.78       147
          8       0.79      0.48      0.60        64
          9       0.82      0.60      0.70       108

avg / total       0.75      0.75      0.75      3917
