             precision    recall  f1-score   support

          1       0.98      0.96      0.97       108
          2       0.84      0.72      0.78        36
          3       0.83      0.95      0.88        20
          6       0.75      0.60      0.67        10
          7       0.31      0.29      0.30        17
          8       0.50      0.29      0.36         7
          9       0.71      0.71      0.71        17
         10       0.25      0.30      0.27        10
         12       0.34      0.52      0.42        21
         13       0.70      0.64      0.67        11
         14       0.69      0.79      0.73        14
         15       0.70      0.54      0.61        13
         16       0.50      0.56      0.53         9
         18       0.57      0.44      0.50         9

avg / total       0.75      0.74      0.74       302
