             precision    recall  f1-score   support

          1       0.82      0.80      0.81       490
          2       0.85      0.87      0.86       462
          3       0.95      0.92      0.93       269
          4       0.91      0.90      0.90       119
          5       0.67      0.69      0.68       243
          6       0.77      0.82      0.79       164
          7       0.74      0.86      0.79       642
          8       0.78      0.64      0.70       153
          9       0.94      0.81      0.87       104
         10       0.79      0.68      0.73       198
         11       0.71      0.59      0.65        17
         12       0.68      0.45      0.54        92
         13       1.00      0.50      0.67         8
         14       0.91      0.81      0.85        36

avg / total       0.80      0.80      0.80      2997
