             precision    recall  f1-score   support

          1       0.25      0.25      0.25         8
          2       0.60      0.63      0.62        19
          5       0.68      0.68      0.68        19
          6       0.73      0.94      0.82        17
          7       0.67      0.57      0.62         7
          9       0.62      0.62      0.62         8
         10       0.62      0.57      0.59        14
         13       0.75      0.38      0.50         8

avg / total       0.63      0.63      0.62       100
