             precision    recall  f1-score   support

          1       0.98      0.98      0.98      8057
          2       0.97      0.96      0.96      2747
          3       0.80      0.85      0.82       344
          4       0.91      0.93      0.92      2222
          5       0.93      0.88      0.90       978
          6       0.92      0.96      0.94      1590
          7       0.89      0.92      0.91       285
          8       0.75      0.25      0.38       144
          9       0.57      0.65      0.60       184
         10       0.81      0.88      0.84       107
         11       0.96      0.99      0.97       754
         12       0.83      0.28      0.42        18
         13       0.83      0.83      0.83       127
         14       0.87      0.78      0.83        79
         15       0.67      0.44      0.53         9
         17       0.38      0.27      0.32        11

avg / total       0.95      0.95      0.94     17656
