             precision    recall  f1-score   support

          1       0.67      0.60      0.63        10
          2       0.95      0.95      0.95        88
          3       0.87      0.95      0.91        65
          4       0.91      0.77      0.83        13
          5       0.88      0.78      0.82        18
          6       0.76      0.95      0.84        20
          7       1.00      0.86      0.92         7
         10       1.00      0.50      0.67         8
         11       0.57      0.50      0.53         8

avg / total       0.89      0.88      0.88       237
