             precision    recall  f1-score   support

          1       0.94      0.97      0.95      3623
          2       0.87      0.95      0.91       694
          3       0.82      0.77      0.79       224
          4       0.78      0.77      0.77       163
          5       0.92      0.85      0.89       865
          6       0.87      0.78      0.82       377
          7       0.91      0.55      0.69        38
          8       0.91      0.78      0.84        54
          9       0.96      0.93      0.94        69
         10       0.73      0.49      0.58        39

avg / total       0.92      0.92      0.92      6146
