             precision    recall  f1-score   support

          1       1.00      0.90      0.95        10
          2       0.91      0.91      0.91        11
          3       1.00      1.00      1.00         6
          4       0.67      0.80      0.73        10
          5       1.00      1.00      1.00         6
          6       0.50      0.29      0.36         7
          7       0.50      0.50      0.50         4
          8       1.00      1.00      1.00         4
          9       0.43      0.60      0.50         5
         11       1.00      1.00      1.00         4

avg / total       0.81      0.81      0.80        67
