             precision    recall  f1-score   support

          1       0.96      0.95      0.96      1210
          2       0.93      0.93      0.93       410
          3       0.95      0.98      0.96      1309
          4       0.95      0.97      0.96       813
          5       0.92      0.95      0.93       854
          6       0.99      0.99      0.99      1471
          7       0.98      0.98      0.98      1231
          8       0.95      0.96      0.95       614
          9       0.92      0.92      0.92       308
         10       0.95      0.94      0.94       920
         11       0.95      0.92      0.94       104
         12       0.90      0.66      0.76        56
         13       0.86      0.70      0.77        84
         14       0.71      0.52      0.60       113
         15       0.89      0.92      0.91       228
         16       0.85      0.85      0.85        62
         17       0.85      0.89      0.87       168
         18       0.97      0.90      0.93        31
         19       0.91      0.94      0.93       296
         20       0.97      0.99      0.98       963
         21       0.85      0.88      0.86       137
         22       0.95      0.86      0.90        21
         23       0.96      0.97      0.96       179
         24       0.94      0.92      0.93       131
         25       0.75      0.50      0.60        24
         26       0.84      0.66      0.74        32
         27       0.90      0.94      0.92       103
         28       1.00      0.96      0.98        46
         29       0.93      0.82      0.87        17
         30       0.85      0.85      0.85        20
         31       0.88      0.88      0.88         8
         32       0.67      0.29      0.40         7
         34       0.83      0.70      0.76        81
         35       0.76      0.76      0.76        34
         36       0.93      0.92      0.93        62
         37       0.85      0.94      0.89        31
         38       1.00      0.60      0.75        10
         39       0.86      0.67      0.75        18
         41       0.83      0.87      0.85        23
         42       0.33      0.18      0.24        11
         43       0.62      0.42      0.50        12
         44       0.75      0.72      0.73        25
         45       0.94      0.89      0.92        19
         47       0.50      0.25      0.33        16
         50       1.00      0.43      0.60         7

avg / total       0.94      0.94      0.94     12319
