             precision    recall  f1-score   support

          1       0.88      0.91      0.89       300
          2       0.66      0.61      0.63        61
          3       0.94      0.81      0.87       138
          4       0.86      0.91      0.89       284
          5       0.87      0.89      0.88       296
          6       0.93      0.89      0.91        28
          8       0.82      0.69      0.75        13
         10       1.00      0.14      0.25         7

avg / total       0.87      0.87      0.87      1127
