             precision    recall  f1-score   support

          1       1.00      0.95      0.98        66
          2       0.91      0.89      0.90        57
          3       0.93      1.00      0.96        13
          4       0.97      0.97      0.97       268
          7       0.90      0.90      0.90        39
          8       0.55      0.75      0.63         8
          9       0.94      0.94      0.94        16
         10       0.88      0.88      0.88        16

avg / total       0.95      0.95      0.95       483
