             precision    recall  f1-score   support

          1       0.98      1.00      0.99      2483
          2       0.89      0.93      0.91      1068
          3       0.97      0.98      0.98       359
          4       0.83      0.89      0.86       384
          5       0.91      0.93      0.92       177
          6       0.90      0.81      0.85       578
          7       0.90      0.94      0.92       354
          8       0.99      0.97      0.98       223
          9       0.83      0.72      0.77       203
         10       0.80      0.06      0.11        66

avg / total       0.93      0.93      0.93      5895
