             precision    recall  f1-score   support

          1       0.86      0.58      0.69       324
          2       0.95      0.91      0.93       172
          3       0.96      0.50      0.66       272
          4       0.87      0.57      0.69       262
          5       0.90      0.35      0.50        78
          6       1.00      0.29      0.44        14
          7       0.91      0.91      0.91     15532
          8       0.90      0.93      0.91     15006
          9       0.93      0.91      0.92      2457
         10       0.79      0.80      0.79      1229
         11       0.76      0.61      0.67       507
         12       0.85      0.88      0.87       386

avg / total       0.90      0.90      0.90     36239
