             precision    recall  f1-score   support

          1       0.88      0.93      0.90        41
          2       0.86      0.94      0.90        66
          3       0.67      0.67      0.67         9
          4       0.85      0.69      0.76        16
          7       0.90      0.84      0.87        31
          8       0.56      0.75      0.64        12
          9       0.62      0.45      0.53        11
         10       0.67      0.29      0.40         7

avg / total       0.82      0.82      0.82       193
