             precision    recall  f1-score   support

          1       0.89      0.91      0.90       301
          2       0.59      0.70      0.64        61
          3       0.94      0.86      0.90       139
          4       0.89      0.87      0.88       284
          5       0.89      0.90      0.90       297
          6       0.93      0.90      0.91        29
          8       0.69      0.85      0.76        13
         10       1.00      0.12      0.22         8

avg / total       0.88      0.88      0.87      1132
