             precision    recall  f1-score   support

          1       0.98      0.99      0.98     34417
          2       0.74      0.72      0.73      2835
          3       1.00      1.00      1.00     26595
          4       0.75      0.86      0.80        92
          5       0.60      0.53      0.56       213
          6       0.69      0.33      0.45       158
          7       1.00      0.65      0.79        20
          8       0.60      0.43      0.50       154

avg / total       0.97      0.97      0.97     64484
