             precision    recall  f1-score   support

          1       0.81      0.82      0.81       887
          2       0.73      0.56      0.63       535
          3       0.84      0.90      0.87      1669
          4       0.84      0.80      0.82       498
          5       0.60      0.69      0.64       140
          6       0.95      0.95      0.95       152
          7       0.90      0.93      0.91       255
          8       0.77      0.79      0.78        38
          9       0.90      0.85      0.88        62
         10       0.88      0.92      0.90        25
         11       0.57      0.57      0.57        91
         12       0.83      0.71      0.77         7
         13       0.97      0.97      0.97        63
         14       0.94      0.48      0.64        31
         15       0.85      0.81      0.83        21

avg / total       0.82      0.82      0.81      4474
