             precision    recall  f1-score   support

          1       0.96      0.98      0.97      4432
          2       0.70      0.59      0.64       244
          3       0.79      0.80      0.80       173
          4       0.85      0.85      0.85       259
          5       0.87      0.79      0.83       265
          6       0.90      0.53      0.67        34
          7       0.80      0.56      0.66        36
          8       0.00      0.00      0.00         8
          9       0.90      0.43      0.58        21

avg / total       0.93      0.93      0.93      5472
