             precision    recall  f1-score   support

          1       0.84      0.96      0.90        83
          2       0.75      0.64      0.69        14
          3       0.94      0.94      0.94       157
          4       0.97      0.99      0.98       205
          5       0.89      0.81      0.85        31
          6       0.67      0.41      0.51        54
          7       0.91      0.96      0.93       296
          8       0.84      0.72      0.77        50

avg / total       0.90      0.91      0.90       890
