             precision    recall  f1-score   support

          1       0.65      0.42      0.51        48
          2       0.78      0.92      0.84       190
          3       0.79      0.76      0.78        25
          4       0.80      0.72      0.76        50
          5       0.96      0.97      0.96       155
          6       0.89      0.67      0.76        12
          7       0.60      0.43      0.50         7
         10       0.27      0.27      0.27        15
         12       1.00      0.18      0.31        11

avg / total       0.81      0.81      0.80       513
