             precision    recall  f1-score   support

          1       0.99      0.98      0.99       319
          2       0.98      0.99      0.99      1088
          3       0.95      0.96      0.95       166
          4       0.96      0.97      0.96        67
          5       0.99      0.97      0.98       143
          6       0.94      0.91      0.93       104
          7       0.99      0.96      0.98       446
          8       0.98      1.00      0.99       713
          9       0.88      0.88      0.88        24
         10       1.00      0.99      0.99        84
         11       1.00      0.97      0.98        33
         12       0.80      0.91      0.85        65
         13       0.93      0.96      0.94       235
         15       0.94      0.78      0.85        40
         16       0.98      0.82      0.89        51
         17       0.85      0.72      0.78        61
         18       0.91      0.91      0.91        23
         19       0.84      0.94      0.89        50
         20       0.73      0.62      0.67        13
         21       0.94      1.00      0.97        30
         22       0.79      0.95      0.86        20
         23       0.86      0.82      0.84        45
         25       1.00      0.92      0.96        13
         27       0.50      0.29      0.36         7
         28       1.00      0.86      0.92         7
         32       1.00      0.86      0.92         7

avg / total       0.96      0.96      0.96      3854
