             precision    recall  f1-score   support

          1       0.63      0.71      0.67        17
          2       0.82      0.70      0.75        33
          3       0.67      0.44      0.53         9
          4       0.94      0.91      0.92        32
          5       0.64      0.88      0.74        16
          6       0.55      0.50      0.52        12
          7       0.88      0.70      0.78        20
          8       0.81      1.00      0.89        17
          9       0.88      0.88      0.88        16
         10       0.80      0.92      0.86        13
         12       0.29      0.29      0.29         7

avg / total       0.77      0.77      0.76       192
