             precision    recall  f1-score   support

          1       0.91      0.99      0.95       178
          2       1.00      0.92      0.96        13
          3       0.72      0.73      0.73        90
          4       0.92      0.86      0.89        64
          5       0.84      0.81      0.82       127
          6       0.93      0.96      0.95       108
          7       0.92      0.65      0.76        17
          8       1.00      0.90      0.95        31
          9       0.62      0.67      0.65        15
         10       0.94      0.95      0.94        63
         11       0.50      0.22      0.31         9
         13       0.89      0.80      0.84        10

avg / total       0.87      0.88      0.87       725
