             precision    recall  f1-score   support

          1       0.83      0.85      0.84     17989
          2       0.80      0.78      0.79     14415
          3       0.50      0.08      0.13        13
          4       1.00      0.09      0.17        11
          5       0.96      0.97      0.96       621
          6       0.94      0.84      0.89       219
          7       1.00      0.47      0.64        15
          9       0.60      0.24      0.34        25
         10       1.00      0.67      0.80        18
         11       1.00      0.16      0.28        31
         12       1.00      0.50      0.67        16
         13       0.58      0.34      0.43        32

avg / total       0.82      0.82      0.82     33405
