             precision    recall  f1-score   support

          1       0.96      0.87      0.91        78
          2       0.72      0.61      0.66        67
          3       0.80      0.91      0.85       108
          5       0.96      0.95      0.95        56
          6       0.86      0.93      0.89        82
          7       0.76      0.79      0.77        39
          8       0.85      0.81      0.83        48
          9       0.83      0.38      0.53        13
         11       0.93      0.93      0.93        15
         14       0.59      0.77      0.67        13

avg / total       0.84      0.84      0.84       519
