             precision    recall  f1-score   support

          1       0.92      0.85      0.88        67
          2       0.97      0.96      0.97        76
          3       0.97      1.00      0.98       257
          4       0.72      0.80      0.76        81
          5       0.87      0.87      0.87        31
          6       0.81      0.82      0.81       197
          7       0.74      0.76      0.75       287
          9       0.84      0.87      0.85        30
         10       0.91      0.91      0.91        11
         13       0.83      0.55      0.66        53
         22       1.00      1.00      1.00         7

avg / total       0.85      0.85      0.84      1097
