             precision    recall  f1-score   support

          1       0.92      0.75      0.83        32
          2       0.83      0.59      0.69        17
          3       0.76      0.73      0.74        22
          4       0.71      0.77      0.73        47
          5       0.77      0.89      0.83        94
          6       0.50      0.10      0.17        10
          9       0.52      0.57      0.55        21
         11       0.00      0.00      0.00         8

avg / total       0.73      0.73      0.72       251
