             precision    recall  f1-score   support

          1       0.89      0.95      0.92      1293
          2       0.91      0.67      0.77       145
          3       0.84      0.85      0.84       378
          4       0.82      0.77      0.80       149
          5       0.90      0.85      0.88        75
          6       0.93      0.94      0.94        54
          7       0.88      0.78      0.82        36
          8       0.91      0.77      0.83        13
          9       0.96      1.00      0.98        26
         10       0.98      0.94      0.96        52
         11       0.96      0.79      0.87        57
         12       1.00      1.00      1.00        33
         15       0.75      0.14      0.24        21

avg / total       0.88      0.89      0.88      2332
