             precision    recall  f1-score   support

          1       0.93      0.99      0.96       286
          2       0.95      0.99      0.97      1300
          3       0.65      0.18      0.28       266
          4       0.93      0.97      0.95      1593
          5       0.94      0.93      0.93       433
          6       0.91      0.97      0.94       400
          7       0.89      0.97      0.92       440
          9       0.00      0.00      0.00        19

avg / total       0.91      0.92      0.91      4737
