             precision    recall  f1-score   support

          1       0.82      0.85      0.83     17988
          2       0.80      0.77      0.79     14414
          3       0.00      0.00      0.00        12
          4       0.60      0.30      0.40        10
          5       0.94      0.97      0.95       621
          6       0.91      0.84      0.87       219
          7       0.88      0.47      0.61        15
          9       0.67      0.40      0.50        25
         10       1.00      0.61      0.76        18
         11       0.75      0.20      0.32        30
         12       0.92      0.69      0.79        16
         13       0.83      0.32      0.47        31

avg / total       0.81      0.82      0.81     33399
