             precision    recall  f1-score   support

          1       0.73      0.66      0.69        73
          2       0.94      0.98      0.96      2212
          3       0.75      0.69      0.72       391
          4       0.54      0.26      0.35        27
          5       0.71      0.50      0.59        34
          6       0.36      0.14      0.20        29
          7       0.68      0.66      0.67        79
          8       0.92      0.88      0.90       284
          9       0.79      0.74      0.76        61
         10       0.75      0.56      0.64        48

avg / total       0.89      0.89      0.89      3238
