             precision    recall  f1-score   support

          1       0.84      0.90      0.87        40
          2       0.88      0.92      0.90        66
          3       0.38      0.62      0.48         8
          4       0.77      0.62      0.69        16
          7       0.75      0.80      0.77        30
          8       0.75      0.55      0.63        11
          9       0.43      0.30      0.35        10
         10       1.00      0.43      0.60         7

avg / total       0.79      0.79      0.78       188
