             precision    recall  f1-score   support

          1       0.97      0.97      0.97        33
          2       0.93      0.86      0.89       132
          3       0.62      0.56      0.59         9
          4       0.92      0.90      0.91        51
          5       0.88      0.97      0.92       268
          6       1.00      0.88      0.93        24
          7       0.97      0.88      0.92        33
          8       0.54      0.37      0.44        19
          9       0.89      0.94      0.91        17
         12       0.33      0.10      0.15        10

avg / total       0.88      0.89      0.89       596
