             precision    recall  f1-score   support

          1       0.71      0.58      0.64        26
          2       0.69      0.54      0.60       160
          3       0.80      0.90      0.85       570
          4       0.77      0.68      0.72        40
          5       0.85      0.96      0.90       108
          6       0.49      0.30      0.37        64
          7       0.89      0.87      0.88        92
          8       0.76      0.63      0.69        91

avg / total       0.77      0.78      0.77      1151
