             precision    recall  f1-score   support

          1       0.64      0.75      0.69      1103
          2       0.60      0.47      0.52       173
          3       0.54      0.46      0.50       980
          4       0.33      0.09      0.14        45
          6       0.53      0.55      0.54       132
          7       0.57      0.63      0.60        81
          8       0.73      0.80      0.76        10
          9       1.00      0.54      0.70        13

avg / total       0.59      0.59      0.58      2537
