             precision    recall  f1-score   support

          1       0.90      0.84      0.87       119
          2       0.89      0.96      0.92       159
          3       0.93      0.92      0.93       106
          4       0.88      0.93      0.90        81
          5       0.91      0.95      0.93       120
          6       0.79      0.72      0.75        57
          7       0.97      0.95      0.96        37
          8       0.75      0.27      0.40        11

avg / total       0.90      0.90      0.89       690
