             precision    recall  f1-score   support

          1       0.52      0.46      0.49        24
          2       0.60      0.68      0.64        40
          3       0.79      0.85      0.82       118
          4       0.92      0.83      0.87        29
          5       0.84      0.86      0.85        78
          6       1.00      0.95      0.97        19
          7       1.00      1.00      1.00         8
          8       0.91      0.87      0.89        23
          9       0.74      0.50      0.60        28
         10       0.82      1.00      0.90         9

avg / total       0.79      0.79      0.79       376
