             precision    recall  f1-score   support

          1       0.65      0.52      0.58       123
          2       0.99      1.00      1.00      3049
          3       0.65      0.59      0.62      2058
          4       0.90      0.83      0.86       411
          5       0.78      0.82      0.80       724
          6       0.84      0.86      0.85      2552
          7       0.77      0.84      0.80       856
          8       0.87      0.92      0.89       129
          9       0.76      0.74      0.75       253
         10       0.73      0.78      0.76       245
         11       0.85      0.74      0.79        53
         12       0.86      0.92      0.89       909
         13       0.95      1.00      0.98        42
         14       0.70      0.79      0.74       154
         16       0.67      0.48      0.56        25
         17       0.95      0.92      0.94        79
         18       0.67      0.17      0.27        12
         19       0.81      0.96      0.88        57
         20       0.71      0.50      0.59        10
         21       0.81      0.97      0.88        39
         22       0.80      0.82      0.81        96
         23       0.82      0.86      0.84        37
         24       0.86      0.74      0.79        73
         25       1.00      0.79      0.89        34
         26       0.77      0.57      0.66        35
         28       1.00      0.82      0.90        11
         29       0.90      0.86      0.88        42
         31       1.00      0.50      0.67        10

avg / total       0.83      0.84      0.83     12118
