             precision    recall  f1-score   support

          1       0.98      0.99      0.99      3886
          2       0.97      0.98      0.97      1125
          3       0.93      0.89      0.91        73
          4       0.92      0.93      0.93       479
          5       0.99      0.98      0.99       322
          6       0.94      0.92      0.93       325
          7       0.95      0.86      0.90        91
          8       0.88      0.88      0.88        40
          9       0.56      0.32      0.40        95
         10       0.89      0.90      0.90       283
         11       0.97      0.95      0.96        73

avg / total       0.96      0.96      0.96      6792
