             precision    recall  f1-score   support

          1       0.82      0.85      0.83       907
          2       1.00      1.00      1.00     12362
          3       0.94      0.98      0.96      9176
          4       0.85      0.68      0.75      1720
          5       0.89      0.90      0.90       814
          6       0.94      0.93      0.93       753
          7       0.94      0.96      0.95      4740
          8       0.83      0.57      0.67        60
          9       0.91      0.93      0.92      1154
         10       0.88      0.88      0.88       164
         11       0.91      0.90      0.90       174
         12       0.72      0.81      0.76       119
         13       0.71      0.54      0.61       213
         14       0.66      0.22      0.33       113
         15       0.85      0.88      0.87        52
         16       0.70      0.61      0.66        31
         17       0.88      0.68      0.77        87
         18       0.78      0.29      0.42        48
         19       0.75      0.73      0.74        49
         20       0.00      0.00      0.00        14
         21       0.75      0.19      0.30        16
         22       0.75      0.46      0.57        13

avg / total       0.94      0.95      0.94     32779
