             precision    recall  f1-score   support

          1       1.00      0.85      0.92        33
          2       0.91      0.88      0.89       132
          3       0.55      0.60      0.57        10
          4       0.86      0.85      0.85        52
          5       0.88      0.97      0.92       269
          6       0.87      0.83      0.85        24
          7       0.91      0.88      0.89        33
          8       0.44      0.21      0.29        19
          9       0.89      1.00      0.94        17
         12       0.00      0.00      0.00        10

avg / total       0.86      0.88      0.86       599
