             precision    recall  f1-score   support

          2       0.60      0.69      0.64        13
          3       0.40      0.38      0.39        16
          4       0.86      0.67      0.75         9
          5       1.00      0.94      0.97        16
          6       0.64      0.72      0.68        32
         10       0.25      0.10      0.14        10
         12       0.50      0.69      0.58        13
         14       1.00      0.88      0.93         8

avg / total       0.64      0.65      0.64       117
