             precision    recall  f1-score   support

          1       0.94      0.97      0.95      1058
          2       0.90      0.90      0.90       589
          3       0.91      0.89      0.90       466
          4       0.73      0.77      0.75       387
          5       0.78      0.79      0.78       464
          6       0.84      0.84      0.84        62
          7       0.55      0.18      0.27        62
          8       0.71      0.80      0.75        25
          9       0.96      0.69      0.80        32
         10       0.72      0.82      0.77        87
         11       0.96      0.77      0.85        30
         12       0.38      0.26      0.31        23

avg / total       0.86      0.86      0.86      3285
