             precision    recall  f1-score   support

          1       0.88      0.86      0.87       134
          2       0.73      0.53      0.62        30
          3       0.79      0.84      0.81       118
          4       0.76      0.52      0.62        31
          5       0.69      0.79      0.74        98
          6       0.88      0.91      0.90        76
          7       0.80      0.90      0.85        49
          8       0.85      0.88      0.87       130
          9       0.60      0.67      0.63         9
         10       0.45      0.21      0.29        24

avg / total       0.80      0.80      0.80       699
