             precision    recall  f1-score   support

          2       0.53      0.71      0.61        14
          3       0.56      0.56      0.56         9
          4       0.00      0.00      0.00         4
          5       0.00      0.00      0.00         3
          7       0.00      0.00      0.00         4
          8       0.00      0.00      0.00         3
          9       0.25      0.50      0.33         4
         10       0.00      0.00      0.00         4
         12       1.00      0.33      0.50         3
         14       0.00      0.00      0.00         4
         15       0.00      0.00      0.00         4

avg / total       0.29      0.32      0.29        56
