             precision    recall  f1-score   support

          1       0.68      0.81      0.74        26
          2       0.68      0.55      0.61       161
          3       0.78      0.92      0.85       571
          4       0.84      0.66      0.74        41
          5       0.92      0.91      0.91       108
          6       0.45      0.30      0.36        64
          7       0.94      0.80      0.86        93
          8       0.81      0.55      0.65        91

avg / total       0.78      0.78      0.77      1155
