             precision    recall  f1-score   support

          1       0.79      0.85      0.81        26
          2       1.00      0.88      0.93        24
          3       0.82      0.68      0.74        47
          4       0.89      0.81      0.85        21
          5       0.77      0.79      0.78        52
          6       0.70      0.74      0.72        19
          7       0.58      0.70      0.64        44
          8       0.85      0.85      0.85        13

avg / total       0.78      0.77      0.77       246
