             precision    recall  f1-score   support

          1       0.86      0.89      0.88       970
          2       0.97      0.98      0.98      1431
          3       0.75      0.74      0.74       536
          4       0.85      0.83      0.84       577
          5       0.91      0.92      0.91       200
          6       0.64      0.69      0.66       674
          7       0.59      0.45      0.51        51
          8       0.87      0.80      0.83       242
          9       0.86      0.95      0.90       130
         10       0.49      0.45      0.47       194
         11       0.87      0.88      0.87       370
         12       0.77      0.56      0.64       176
         13       0.79      0.85      0.82        87
         14       0.71      0.24      0.36        21
         15       0.62      0.25      0.36        20
         16       0.75      0.68      0.71        31
         17       0.60      0.30      0.40        10

avg / total       0.83      0.83      0.83      5720
