             precision    recall  f1-score   support

          1       0.94      0.97      0.96       750
          2       0.94      0.95      0.95      1072
          3       0.97      0.94      0.95       123
          4       0.76      0.87      0.81        89
          5       0.54      0.36      0.43       171
          6       0.92      0.96      0.94       484
          7       0.91      0.96      0.94       128
          8       0.67      0.51      0.58        51
          9       0.91      0.87      0.89       114
         10       0.87      0.91      0.89       254
         11       0.84      0.92      0.88       356
         12       0.56      0.36      0.44        25
         13       0.93      0.90      0.91        48
         14       0.65      0.81      0.72        16
         15       0.96      0.78      0.86        67
         16       0.88      0.86      0.87        86
         18       0.92      0.92      0.92        13
         19       1.00      0.44      0.62         9

avg / total       0.90      0.90      0.90      3856
