             precision    recall  f1-score   support

          1       0.91      0.95      0.93       232
          2       0.92      0.88      0.90       236
          3       0.81      0.85      0.83        92
          4       0.94      0.96      0.95       643
          5       0.44      0.25      0.32        28
          6       0.92      0.73      0.81        33
          7       0.94      0.84      0.89        19
          8       0.75      0.90      0.82        86
          9       0.50      0.14      0.22         7
         10       0.64      0.60      0.62        15
         11       1.00      0.54      0.70        13

avg / total       0.90      0.90      0.90      1404
