             precision    recall  f1-score   support

          1       0.99      0.90      0.94        80
          2       0.97      1.00      0.98        63
          3       1.00      0.89      0.94        28
          4       0.93      0.98      0.95        42
          5       0.91      0.93      0.92       141
          6       0.91      0.94      0.93        67
          7       0.83      0.71      0.77        21
          8       0.91      0.94      0.93       105

avg / total       0.93      0.93      0.93       547
