             precision    recall  f1-score   support

          1       0.86      0.89      0.88       970
          2       0.98      0.98      0.98      1430
          3       0.70      0.76      0.73       535
          4       0.80      0.83      0.82       576
          5       0.97      0.86      0.91       199
          6       0.66      0.68      0.67       673
          7       0.48      0.31      0.38        51
          8       0.82      0.86      0.84       241
          9       0.96      0.92      0.94       129
         10       0.53      0.42      0.47       194
         11       0.85      0.90      0.87       370
         12       0.76      0.55      0.63       176
         13       0.84      0.83      0.83        87
         14       0.40      0.10      0.16        20
         15       0.62      0.68      0.65        19
         16       0.93      0.47      0.62        30
         17       1.00      0.33      0.50         9

avg / total       0.83      0.83      0.83      5709
