             precision    recall  f1-score   support

          1       0.85      0.75      0.80       213
          2       0.86      0.90      0.88       941
          3       0.97      0.82      0.89        44
          4       0.74      0.68      0.71       463
          5       0.96      0.98      0.97       550
          6       0.79      0.91      0.85       109
          7       0.86      0.89      0.88       190
          8       0.96      0.96      0.96       198
          9       0.79      0.89      0.84       105
         10       0.67      0.67      0.67        24
         11       0.78      0.75      0.76        52
         12       0.84      0.77      0.81       252
         13       0.53      0.47      0.50        19

avg / total       0.86      0.86      0.86      3160
