             precision    recall  f1-score   support

          1       0.61      0.44      0.51       124
          2       0.90      0.92      0.91       111
          3       0.97      1.00      0.99        38
          4       1.00      1.00      1.00       274
          5       0.94      0.97      0.96       228
          6       0.87      0.92      0.90       531
          7       0.95      0.93      0.94       130
          8       0.81      0.81      0.81        16

avg / total       0.90      0.90      0.90      1452
