             precision    recall  f1-score   support

          1       0.72      0.43      0.54       572
          2       0.89      0.92      0.90      4756
          3       0.90      0.95      0.92      1912
          5       0.77      0.86      0.82      1177
          6       0.82      0.78      0.80        51
          7       0.63      0.48      0.55      1590
          8       0.86      0.90      0.88      1807
          9       0.79      0.90      0.84       444
         10       0.73      0.63      0.68      1128
         11       0.76      0.84      0.80      1674
         12       0.75      0.93      0.83       139
         13       0.75      0.80      0.77       528
         14       0.97      0.82      0.89        82
         15       0.84      0.85      0.85       599
         16       0.69      0.68      0.69       136
         17       0.82      0.81      0.81       296
         18       0.80      0.79      0.79       422
         19       0.77      0.89      0.83       163
         20       0.96      0.96      0.96       280
         21       0.81      0.87      0.84       714
         22       0.89      0.87      0.88       299
         23       0.92      0.85      0.88       170
         24       0.87      0.48      0.62        54
         25       0.79      0.73      0.76        26
         26       0.83      0.83      0.83        58
         27       0.72      0.56      0.63        85
         28       0.78      0.78      0.78        92
         29       0.75      0.83      0.79       422
         30       1.00      1.00      1.00         8
         31       0.80      0.71      0.75        17
         33       0.70      0.34      0.46        61
         34       0.69      0.90      0.78        10
         36       0.96      0.82      0.88        28
         37       1.00      0.38      0.55         8
         38       0.64      0.76      0.70        63
         39       0.60      0.23      0.33        13
         40       1.00      0.95      0.97        39
         41       0.88      0.76      0.81        29
         42       1.00      1.00      1.00         9
         43       1.00      0.57      0.73         7
         46       0.95      0.95      0.95        21
         48       0.67      0.12      0.21        16

avg / total       0.81      0.82      0.81     20005
