             precision    recall  f1-score   support

          1       0.86      0.95      0.91       152
          2       0.93      0.78      0.85        18
          3       0.96      0.96      0.96        28
          4       0.89      0.85      0.87        20
          5       0.00      0.00      0.00         8
          7       0.67      0.62      0.64        13
          8       1.00      0.62      0.77         8
          9       0.79      0.79      0.79        24

avg / total       0.84      0.87      0.85       271
