             precision    recall  f1-score   support

          1       0.94      1.00      0.97        91
          2       0.91      0.95      0.93        21
          3       0.78      0.78      0.78        18
          4       0.52      0.65      0.58        17
          5       0.81      0.65      0.72        26
          7       0.65      0.61      0.63        18
          8       0.80      0.89      0.84        18
          9       0.78      0.44      0.56        16

avg / total       0.83      0.83      0.83       225
