             precision    recall  f1-score   support

          1       0.85      0.97      0.91       550
          2       0.99      0.99      0.99      1687
          3       0.97      0.98      0.97       599
          4       0.98      0.98      0.98      2656
          5       0.92      0.93      0.92       938
          6       0.99      0.99      0.99      2106
          7       1.00      0.99      0.99       253
          8       0.97      1.00      0.98        91
          9       0.96      0.96      0.96       134
         10       0.88      0.40      0.55       154
         11       0.97      0.99      0.98        71
         12       0.96      0.86      0.91        79
         13       0.94      0.97      0.96       145
         14       0.90      0.93      0.92        29

avg / total       0.97      0.97      0.96      9492
