             precision    recall  f1-score   support

          1       1.00      0.99      0.99        77
          2       0.88      0.88      0.88        32
          3       0.93      0.93      0.93        14
          4       0.90      1.00      0.95        35
          5       0.89      0.81      0.85        21
          6       1.00      0.90      0.95        20
          8       0.90      0.97      0.94        37
          9       1.00      0.85      0.92        13

avg / total       0.94      0.94      0.94       249
