             precision    recall  f1-score   support

          1       0.92      0.90      0.91       136
          2       0.83      0.79      0.81       228
          3       0.72      0.82      0.77       239
          4       0.90      0.94      0.92       149
          5       0.94      0.83      0.88        71
          6       1.00      0.25      0.40         8
          7       0.71      0.56      0.63         9
          8       0.78      0.64      0.70        11
          9       0.94      0.76      0.84        21
         10       1.00      0.88      0.94        17

avg / total       0.84      0.83      0.83       889
