             precision    recall  f1-score   support

          1       0.89      0.81      0.85       120
          2       0.96      0.99      0.98      2359
          3       0.99      0.90      0.94       167
          4       0.94      0.75      0.84        44
          5       0.98      0.91      0.94        46
          6       0.97      0.94      0.95        63
          7       1.00      0.67      0.80        24
          8       0.96      0.89      0.92       130
          9       0.90      0.91      0.91        47
         11       0.62      0.50      0.56        10
         12       0.71      0.33      0.45        15
         13       1.00      0.78      0.88         9

avg / total       0.96      0.96      0.96      3034
