             precision    recall  f1-score   support

          1       0.84      0.89      0.86        36
          2       0.83      0.93      0.88       161
          3       0.90      0.86      0.88        63
          4       0.65      0.42      0.51        36
          5       0.93      0.90      0.91        82
          6       0.92      0.92      0.92        26
          7       0.92      0.85      0.88        13
          8       0.29      0.25      0.27         8

avg / total       0.84      0.85      0.84       425
