             precision    recall  f1-score   support

          1       0.87      0.83      0.85     11614
          2       0.80      0.86      0.83      6009
          3       0.86      0.90      0.88      4526
          4       0.95      0.97      0.96      5173
          5       0.93      0.80      0.86      1271
          6       0.73      0.20      0.31        41
          7       0.88      1.00      0.93         7
          8       0.78      0.45      0.57        69

avg / total       0.87      0.87      0.87     28710
