             precision    recall  f1-score   support

          1       0.58      0.57      0.58       742
          2       0.61      0.71      0.66       918
          3       0.58      0.47      0.52       605
          4       0.77      0.65      0.71        52
          5       0.20      0.12      0.15         8
          6       0.56      0.45      0.50        22
          7       0.50      0.23      0.32        30
          8       0.88      1.00      0.93         7
          9       0.67      0.86      0.75         7
         10       0.80      0.36      0.50        11

avg / total       0.60      0.60      0.59      2402
