             precision    recall  f1-score   support

          1       0.72      0.64      0.68       473
          2       0.89      0.94      0.91      2050
          3       0.94      0.89      0.92        38
          4       0.87      0.75      0.80       190
          5       0.95      0.89      0.92       263
          7       1.00      0.73      0.85        15
          8       0.93      0.80      0.86        49
          9       0.76      0.70      0.73        23

avg / total       0.87      0.87      0.87      3101
