             precision    recall  f1-score   support

          1       0.78      0.92      0.85       525
          2       0.88      0.84      0.86        83
          3       0.82      0.72      0.77        32
          4       0.55      0.37      0.44        63
          5       0.84      0.79      0.81        33
          7       0.88      0.29      0.44        24
          8       0.73      0.69      0.71        89
          9       1.00      0.79      0.88        14
         10       0.77      0.61      0.68        33
         11       1.00      0.72      0.84        18
         13       0.95      0.69      0.80        26
         14       0.92      0.92      0.92        12
         15       0.84      0.69      0.76        39
         17       0.64      0.39      0.48        41

avg / total       0.78      0.79      0.77      1032
