             precision    recall  f1-score   support

          1       0.81      0.72      0.76       395
          2       0.81      0.79      0.80        38
          3       1.00      1.00      1.00        31
          4       0.95      0.98      0.96       548
          5       0.96      0.90      0.93        49
          6       0.52      0.86      0.65        14
          7       0.58      0.69      0.63        54
          8       0.65      0.74      0.69        46
          9       0.75      0.60      0.67        10
         10       1.00      0.89      0.94         9
         11       0.70      0.81      0.75        53
         12       0.79      0.92      0.85        12
         13       1.00      0.91      0.95        11
         14       0.92      0.86      0.89        14

avg / total       0.86      0.86      0.86      1284
