             precision    recall  f1-score   support

          1       0.92      0.97      0.94       266
          2       0.87      0.87      0.87        94
          3       0.86      0.76      0.80        49
          4       0.96      0.97      0.97       201
          5       0.82      0.89      0.85       158
          6       0.89      0.77      0.83        44
          7       0.94      0.91      0.92       394
          8       0.79      0.83      0.81       118
          9       0.91      0.97      0.94        76
         10       0.50      0.21      0.30        19
         11       1.00      0.81      0.90        16
         12       0.80      0.92      0.86        13

avg / total       0.90      0.90      0.90      1448
