             precision    recall  f1-score   support

          1       0.92      0.89      0.91      2580
          2       0.95      0.84      0.89      1804
          3       0.90      0.82      0.86      1555
          4       0.57      0.90      0.70       873
          5       0.93      0.62      0.74        68
          7       0.68      0.40      0.51        52
          8       0.50      0.40      0.44        35
          9       0.60      0.44      0.51        34

avg / total       0.87      0.85      0.86      7001
