             precision    recall  f1-score   support

          1       0.93      0.94      0.94      4152
          2       0.64      0.68      0.66       467
          3       0.59      0.38      0.46       151
          4       1.00      0.82      0.90        67
          5       0.62      0.59      0.60        22
          6       0.67      0.66      0.66       354
          7       0.86      0.79      0.83        48
          8       0.76      0.81      0.79        16
          9       0.67      0.54      0.60        90
         10       0.84      1.00      0.91        36

avg / total       0.87      0.88      0.87      5403
