             precision    recall  f1-score   support

          1       0.98      0.98      0.98       421
          2       0.71      0.73      0.72       101
          3       0.93      0.92      0.92       124
          4       0.84      0.90      0.87       111
          5       1.00      0.87      0.93        60
          6       0.97      0.94      0.96        35
          7       0.83      0.76      0.79        33
          8       0.97      0.97      0.97        35
          9       1.00      1.00      1.00        20
         11       0.77      0.74      0.75        27
         12       0.83      1.00      0.91        10

avg / total       0.92      0.92      0.92       977
