             precision    recall  f1-score   support

          1       0.87      0.90      0.88       610
          2       0.88      0.90      0.89       360
          3       0.74      0.84      0.79        94
          4       0.78      0.80      0.79       118
          5       0.77      0.80      0.79        30
          6       0.76      0.83      0.79       246
          7       0.84      0.91      0.87       274
          8       0.90      0.94      0.92       361
          9       0.88      0.93      0.91       368
         10       0.91      0.75      0.82        84
         11       0.65      0.87      0.75        39
         12       0.82      0.83      0.83       214
         13       0.83      0.91      0.87       268
         14       0.82      0.89      0.85       541
         15       0.92      0.87      0.89        68
         16       0.96      0.88      0.92       207
         17       0.90      0.86      0.88        21
         18       0.90      0.90      0.90        31
         19       0.81      0.85      0.83       117
         20       0.87      0.87      0.87        82
         21       0.79      0.84      0.82       114
         22       0.66      0.55      0.60       961
         23       0.83      0.88      0.85       290
         24       0.90      0.95      0.92       365
         25       0.78      0.82      0.80       108
         27       0.86      0.95      0.91       167
         28       0.56      0.45      0.50        33
         29       0.87      0.75      0.80        99
         30       0.80      0.65      0.71       193
         31       0.87      0.88      0.88       247
         32       0.80      0.90      0.84        48
         33       0.57      0.57      0.57        21
         34       0.74      0.77      0.75       104
         35       0.53      0.43      0.47        42
         36       0.67      0.63      0.65        59
         37       0.71      0.56      0.62        52
         38       1.00      0.85      0.92        13
         39       0.70      0.76      0.73        41
         40       0.89      0.80      0.84        97
         41       0.75      0.86      0.80         7
         42       0.90      0.93      0.91        85
         43       0.84      0.86      0.85        85
         44       0.90      0.82      0.86        22
         45       0.64      0.72      0.68        32
         46       1.00      0.41      0.58        17
         47       0.88      0.74      0.80        19
         48       0.73      0.62      0.67        13
         49       0.82      0.82      0.82        11
         51       0.75      0.75      0.75         8
         52       0.84      0.72      0.78        29

avg / total       0.82      0.82      0.82      7515
