             precision    recall  f1-score   support

          1       0.33      0.62      0.43         8
          2       0.74      0.74      0.74        19
          5       0.67      0.63      0.65        19
          6       0.65      0.88      0.75        17
          7       0.50      0.29      0.36         7
          9       0.71      0.56      0.63         9
         10       0.89      0.57      0.70        14
         13       0.67      0.50      0.57         8

avg / total       0.67      0.64      0.64       101
