             precision    recall  f1-score   support

          1       0.60      0.52      0.56        48
          2       0.94      0.96      0.95        50
          3       0.63      0.69      0.66        32
          4       0.69      0.82      0.75        60
          7       0.67      0.55      0.60        11
          8       1.00      1.00      1.00        17
          9       0.88      0.70      0.78        10
         10       1.00      0.80      0.89        10
         11       0.88      0.64      0.74        11
         12       0.97      0.97      0.97        29
         13       0.88      1.00      0.93        14
         14       0.68      0.74      0.71        31
         15       0.94      0.88      0.91        17
         18       1.00      0.80      0.89        10
         19       0.92      0.86      0.89        14
         22       0.86      0.75      0.80         8

avg / total       0.80      0.79      0.79       372
