             precision    recall  f1-score   support

          1       0.90      0.92      0.91      1108
          2       0.84      0.91      0.87       519
          3       0.84      0.91      0.87      1047
          4       0.59      0.31      0.41       231
          5       0.86      0.93      0.89       551
          6       0.83      0.65      0.73       434
          7       0.87      0.88      0.87       653
          8       0.90      0.97      0.94        38

avg / total       0.85      0.86      0.85      4581
