             precision    recall  f1-score   support

          1       0.77      0.71      0.74        14
          2       0.93      0.94      0.94       105
          3       0.00      0.00      0.00         7
          4       0.82      0.88      0.85        16
          5       0.82      0.92      0.87        63
          6       0.56      0.62      0.59         8
          8       0.79      0.87      0.83        39
          9       0.67      0.46      0.55        13
         12       0.50      0.25      0.33         8

avg / total       0.81      0.84      0.82       273
