             precision    recall  f1-score   support

          1       0.62      0.41      0.49        59
          2       0.93      0.94      0.93       279
          3       0.90      0.94      0.92       792
          4       0.83      0.89      0.86       473
          5       0.78      0.75      0.76       144
          6       0.80      0.88      0.84        74
          7       0.57      0.24      0.34        54
          8       0.65      0.68      0.66        65
          9       0.87      0.82      0.85        80
         10       0.73      0.77      0.75        86
         11       1.00      0.10      0.18        20
         12       0.67      0.48      0.56        21

avg / total       0.85      0.85      0.84      2147
