             precision    recall  f1-score   support

          1       0.52      0.22      0.31       130
          2       0.95      0.96      0.96       365
          3       0.93      0.95      0.94       316
          4       0.89      0.92      0.90       554
          5       0.85      0.89      0.87       628
          6       0.88      0.91      0.90       281
          7       0.95      0.95      0.95        20
          8       0.78      0.75      0.77        53

avg / total       0.87      0.88      0.87      2347
