             precision    recall  f1-score   support

          1       0.98      0.99      0.99       115
          2       0.98      0.98      0.98       128
          3       0.97      0.88      0.92        32
          4       0.88      0.94      0.91        16
          5       1.00      1.00      1.00        25
          6       0.97      1.00      0.99        34
          7       0.96      0.96      0.96        56
          8       1.00      1.00      1.00        11
          9       0.89      0.99      0.94        73
         10       0.87      0.90      0.89        30
         11       0.70      0.47      0.56        15
         12       0.97      0.89      0.93        36
         14       1.00      1.00      1.00         7
         15       0.73      0.89      0.80         9
         17       0.38      0.43      0.40         7
         18       0.93      1.00      0.96        13
         22       0.00      0.00      0.00         7

avg / total       0.93      0.94      0.93       614
