             precision    recall  f1-score   support

          1       1.00      1.00      1.00      7061
          2       0.89      0.77      0.83       176
          3       0.85      0.90      0.88       810
          4       0.95      0.93      0.94        43
          5       0.85      0.79      0.82        91
          6       0.84      0.87      0.86       722
          7       0.88      0.79      0.84        29
          8       0.95      0.93      0.94       340
          9       0.71      0.48      0.57        25
         10       0.93      0.90      0.91        71
         12       0.97      0.90      0.94        42
         13       0.94      0.93      0.93       130
         14       0.90      0.74      0.81        35
         15       0.94      0.62      0.75        24
         17       1.00      0.74      0.85        31

avg / total       0.97      0.97      0.97      9630
