             precision    recall  f1-score   support

          1       0.95      0.95      0.95      2349
          2       0.82      0.82      0.82      2131
          3       0.86      0.86      0.86      2933
          4       0.94      0.94      0.94      2207
          5       1.00      0.23      0.38        13
          6       0.00      0.00      0.00         9
          7       0.76      0.69      0.72        54
          8       0.74      0.64      0.69        53

avg / total       0.89      0.89      0.89      9749
