             precision    recall  f1-score   support

          1       0.85      0.82      0.83       134
          2       0.61      0.45      0.52        31
          3       0.79      0.86      0.82       118
          4       0.81      0.41      0.54        32
          5       0.71      0.87      0.78        98
          6       0.87      0.87      0.87        76
          7       0.76      0.86      0.81        49
          8       0.87      0.92      0.89       130
          9       0.25      0.22      0.24         9
         10       0.62      0.21      0.31        24

avg / total       0.79      0.79      0.78       701
