             precision    recall  f1-score   support

          1       0.98      0.99      0.99      3887
          2       0.97      0.98      0.97      1126
          3       0.90      0.97      0.94        74
          4       0.95      0.94      0.94       480
          5       0.99      0.97      0.98       322
          6       0.93      0.97      0.95       326
          7       0.95      0.88      0.91        91
          8       0.90      0.68      0.78        41
          9       0.66      0.22      0.33        96
         10       0.88      0.94      0.91       283
         11       0.96      0.95      0.95        74

avg / total       0.96      0.97      0.96      6800
