             precision    recall  f1-score   support

          1       0.97      0.97      0.97      1602
          2       0.80      0.75      0.77        16
          3       0.92      0.98      0.95       746
          4       0.95      0.93      0.94       262
          5       0.93      0.89      0.91       109
          6       0.97      0.79      0.87       110
          7       0.71      0.83      0.77        12
          8       1.00      0.20      0.33        10
          9       0.00      0.00      0.00         7

avg / total       0.95      0.95      0.95      2874
