             precision    recall  f1-score   support

          1       1.00      0.50      0.67        10
          2       0.92      0.99      0.95        88
          3       0.92      1.00      0.96        65
          4       0.92      0.92      0.92        13
          5       0.84      0.94      0.89        17
          6       0.89      0.84      0.86        19
          7       0.83      0.71      0.77         7
         10       1.00      0.75      0.86         8
         11       0.50      0.12      0.20         8

avg / total       0.90      0.91      0.89       235
