             precision    recall  f1-score   support

          1       0.97      0.98      0.98      1273
          2       0.94      0.84      0.89       219
          3       0.95      0.96      0.95       809
          4       0.86      0.87      0.87       166
          5       0.89      0.89      0.89       134
          6       0.87      0.76      0.81        34
          7       0.90      0.92      0.91        39
          8       0.83      0.62      0.71         8
          9       0.83      0.71      0.77         7
         10       1.00      0.43      0.60         7

avg / total       0.95      0.95      0.95      2696
