             precision    recall  f1-score   support

          1       0.87      0.93      0.90       178
          2       0.95      0.97      0.96       980
          3       0.71      0.71      0.71        70
          4       0.77      0.73      0.75       637
          5       0.98      0.93      0.95       242
          6       0.91      0.74      0.82        57
          7       0.71      0.76      0.73       235
          8       1.00      0.61      0.76        28
          9       0.79      0.94      0.86       188
         10       0.76      0.85      0.80        86
         11       0.62      0.62      0.62        29
         12       0.75      0.20      0.32        15
         13       0.74      0.69      0.72        42
         14       0.00      0.00      0.00         8
         15       1.00      0.36      0.53        11
         16       0.61      0.52      0.56        21

avg / total       0.85      0.85      0.85      2827
