             precision    recall  f1-score   support

          1       0.86      0.94      0.90      1890
          2       0.65      0.65      0.65       980
          3       0.66      0.66      0.66       656
          4       0.83      0.79      0.81      1649
          5       0.94      0.89      0.91       569
          6       0.81      0.73      0.77       340
          7       0.97      0.93      0.95       393
          8       0.90      0.82      0.86        33
          9       0.75      0.18      0.29        17
         11       0.71      0.60      0.65        20

avg / total       0.81      0.81      0.81      6547
