             precision    recall  f1-score   support

          1       0.85      0.80      0.83       906
          2       1.00      1.00      1.00     12362
          3       0.94      0.98      0.96      9176
          4       0.85      0.68      0.76      1719
          5       0.86      0.87      0.87       814
          6       0.90      0.94      0.92       752
          7       0.93      0.96      0.94      4740
          8       0.71      0.60      0.65        60
          9       0.90      0.93      0.92      1153
         10       0.86      0.91      0.88       164
         11       0.91      0.90      0.90       174
         12       0.81      0.70      0.75       118
         13       0.71      0.50      0.59       212
         14       0.64      0.26      0.37       113
         15       0.78      0.81      0.79        52
         16       0.96      0.74      0.84        31
         17       0.86      0.63      0.73        87
         18       0.79      0.31      0.45        48
         19       0.73      0.67      0.70        49
         20       0.33      0.07      0.12        14
         21       0.67      0.25      0.36        16
         22       1.00      0.54      0.70        13

avg / total       0.94      0.95      0.94     32773
