             precision    recall  f1-score   support

          1       0.57      0.51      0.54       138
          2       0.83      0.90      0.86       939
          3       0.80      0.76      0.78       325
          4       0.94      0.95      0.94       597
          5       0.72      0.62      0.67        21
          6       0.70      0.48      0.57        48
          7       0.89      0.70      0.78       111
          8       0.45      0.36      0.40        25
          9       0.85      0.52      0.64        33

avg / total       0.83      0.84      0.83      2237
