             precision    recall  f1-score   support

          1       0.87      0.89      0.88      5215
          2       0.81      0.80      0.80      1376
          3       0.81      0.71      0.76        35
          4       0.70      0.60      0.64        65
          5       0.74      0.63      0.68       975
          6       0.66      0.71      0.69       123
          7       0.69      0.79      0.74       186
          8       0.47      0.28      0.35        54
          9       0.60      0.69      0.64        36
         10       1.00      0.50      0.67        14
         12       0.62      0.58      0.60        31

avg / total       0.83      0.83      0.83      8110
