             precision    recall  f1-score   support

          1       0.56      0.49      0.52       139
          2       0.85      0.90      0.87       940
          3       0.74      0.78      0.76       325
          4       0.95      0.96      0.96       598
          5       0.85      0.77      0.81        22
          6       0.79      0.77      0.78        48
          7       0.91      0.66      0.77       112
          8       0.73      0.31      0.43        26
          9       0.68      0.45      0.55        33

avg / total       0.84      0.84      0.84      2243
