             precision    recall  f1-score   support

          1       0.78      0.77      0.78       214
          2       0.86      0.89      0.88       942
          3       0.82      0.93      0.87        45
          4       0.75      0.64      0.69       463
          5       0.93      0.99      0.96       551
          6       0.87      0.79      0.83       110
          7       0.89      0.90      0.89       191
          8       0.97      0.95      0.96       198
          9       0.74      0.84      0.79       106
         10       0.77      0.83      0.80        24
         11       0.87      0.75      0.81        53
         12       0.78      0.83      0.81       253
         13       0.69      0.45      0.55        20

avg / total       0.85      0.85      0.85      3170
