             precision    recall  f1-score   support

          1       0.95      0.97      0.96       234
          2       0.57      0.62      0.59        21
          4       0.95      0.93      0.94        59
          5       0.91      0.97      0.94       135
          6       0.64      0.61      0.62        56
          7       1.00      0.81      0.90        16
         10       1.00      0.12      0.22         8
         13       0.50      0.44      0.47         9

avg / total       0.89      0.89      0.88       538
