             precision    recall  f1-score   support

          1       0.97      0.99      0.98      5894
          2       0.95      0.91      0.93       258
          3       0.99      0.98      0.98      1605
          4       0.90      0.82      0.86       289
          5       0.82      0.92      0.87       199
          6       0.96      0.98      0.97       388
          7       0.97      0.98      0.98       346
          8       0.89      0.82      0.85       437
          9       0.56      0.37      0.44        38
         10       0.90      0.93      0.92        59
         11       0.63      0.42      0.50        91
         13       0.73      0.74      0.74        43
         14       0.93      0.52      0.67        27
         15       0.91      0.72      0.81        69
         16       0.32      0.26      0.29        27
         17       1.00      0.55      0.71        11
         18       0.96      0.96      0.96        23
         19       0.75      0.82      0.78        11
         20       1.00      0.94      0.97        18
         21       0.96      0.92      0.94        24
         22       1.00      0.73      0.84        11
         23       0.53      0.73      0.62        11
         24       1.00      0.67      0.80         9
         25       0.81      0.76      0.79        29
         26       0.90      0.90      0.90        10

avg / total       0.95      0.96      0.95      9927
