             precision    recall  f1-score   support

          1       0.89      0.94      0.91       810
          2       0.91      0.96      0.93      1494
          3       0.92      0.98      0.95      1979
          4       0.92      0.98      0.95      3164
          5       0.86      0.89      0.87      1515
          6       0.95      0.97      0.96       980
          7       0.87      0.92      0.90       229
          8       0.91      0.96      0.93       626
          9       0.60      0.10      0.18       553
         10       0.88      0.89      0.89       535
         11       0.70      0.44      0.54       285
         12       0.84      0.91      0.87       329
         13       0.00      0.00      0.00        33

avg / total       0.89      0.90      0.88     12532
