             precision    recall  f1-score   support

          1       0.81      0.74      0.77        73
          2       0.94      0.99      0.96      2213
          3       0.77      0.68      0.72       392
          4       0.43      0.22      0.29        27
          5       0.54      0.40      0.46        35
          6       0.70      0.24      0.36        29
          7       0.73      0.78      0.75        80
          8       0.94      0.94      0.94       284
          9       0.85      0.71      0.77        62
         10       0.86      0.76      0.80        49

avg / total       0.90      0.91      0.90      3244
