             precision    recall  f1-score   support

          1       0.90      0.95      0.92       102
          2       0.92      0.97      0.94       573
          3       0.87      0.85      0.86        73
          4       0.85      0.82      0.84        40
          5       0.90      1.00      0.95         9
          6       0.78      0.90      0.84        20
          7       0.88      0.69      0.77        64
          8       1.00      0.87      0.93        23
          9       0.83      0.88      0.86        34
         10       1.00      0.41      0.58        34
         12       0.60      0.27      0.37        11
         13       0.83      0.71      0.77         7
         14       0.86      0.75      0.80         8

avg / total       0.90      0.90      0.89       998
