             precision    recall  f1-score   support

          1       0.93      0.93      0.93      1046
          2       0.83      0.85      0.84       139
          3       0.96      0.97      0.96       768
          4       0.82      0.88      0.85       452
          5       0.70      0.59      0.64       353
          6       0.86      0.87      0.87       654
          7       0.89      0.85      0.87        82
          8       0.94      0.97      0.96       897
          9       0.87      0.84      0.86       274
         10       0.96      0.96      0.96       169
         11       1.00      0.64      0.78        14
         12       0.79      0.41      0.54        27

avg / total       0.89      0.90      0.89      4875
