             precision    recall  f1-score   support

          1       0.95      0.95      0.95        20
          2       0.93      0.96      0.94       212
          3       0.92      0.96      0.94       119
          4       1.00      1.00      1.00        13
          5       0.99      0.98      0.98       203
          6       0.98      1.00      0.99        88
          7       1.00      1.00      1.00        54
          9       1.00      0.14      0.25         7
         10       0.83      0.65      0.73        46
         11       0.88      0.70      0.78        10
         13       1.00      0.93      0.97        15
         14       0.76      0.80      0.78        20
         15       0.71      0.50      0.59        10
         18       0.73      0.94      0.82        17
         21       0.75      0.90      0.82        10
         22       0.75      0.82      0.78        11

avg / total       0.93      0.93      0.93       855
