             precision    recall  f1-score   support

          1       0.98      0.98      0.98      2264
          2       0.98      0.99      0.99      1131
          3       0.90      0.89      0.90       276
          4       0.80      0.81      0.81       254
          5       0.97      0.72      0.83        40
          6       0.72      0.79      0.76       365
          7       0.55      0.41      0.47        88
          8       0.40      0.18      0.25        11

avg / total       0.94      0.94      0.94      4429
