             precision    recall  f1-score   support

          1       0.99      0.97      0.98       197
          2       0.96      0.98      0.97      1049
          3       1.00      0.50      0.67        16
          4       0.99      1.00      0.99       145
          5       0.79      0.70      0.75       125
          6       0.87      0.90      0.88        29
          7       1.00      1.00      1.00         7
          8       1.00      0.88      0.93         8

avg / total       0.95      0.95      0.95      1576
