             precision    recall  f1-score   support

          1       1.00      1.00      1.00       733
          2       1.00      0.93      0.96        28
          3       0.89      0.80      0.84        20
          4       1.00      0.36      0.53        11
          5       0.81      0.95      0.87        94
          6       1.00      1.00      1.00        19
          7       0.73      0.64      0.68        25
          8       0.89      0.87      0.88        55
          9       1.00      0.92      0.96        12

avg / total       0.97      0.96      0.96       997
