             precision    recall  f1-score   support

          1       0.97      0.97      0.97       105
          2       0.95      0.98      0.97       105
          3       0.90      0.86      0.88       162
          4       0.93      0.87      0.90        30
          5       0.88      1.00      0.93       100
          6       1.00      0.71      0.83        17
          7       0.75      0.66      0.70        41
          8       0.88      0.96      0.92        24

avg / total       0.91      0.91      0.91       584
