             precision    recall  f1-score   support

          1       1.00      1.00      1.00      1679
          2       0.92      0.87      0.89        82
          3       0.93      0.88      0.90        16
          4       0.86      0.83      0.84        29
          5       0.91      0.85      0.88        34
          6       1.00      0.96      0.98        70
          7       1.00      0.95      0.97        19
          8       0.92      0.96      0.94        24
          9       0.86      0.90      0.88        42
         10       0.73      0.80      0.76        10
         11       0.92      0.86      0.89        42
         12       0.84      0.80      0.82        20
         14       0.89      0.80      0.84        10
         15       0.97      0.89      0.93        35
         16       0.98      0.98      0.98        46
         17       0.87      0.97      0.92        35
         19       1.00      0.96      0.98        25
         21       0.74      1.00      0.85        14
         22       0.85      0.85      0.85        13
         25       0.69      0.64      0.67        14
         26       0.64      0.70      0.67        10
         27       0.96      1.00      0.98        50
         28       0.62      0.50      0.56        10
         29       0.89      0.73      0.80        11
         30       0.89      0.89      0.89        18
         32       0.95      1.00      0.97        18
         34       0.86      0.85      0.86        75
         36       0.77      0.91      0.83        11
         38       0.91      0.91      0.91        32
         39       0.88      1.00      0.93         7
         41       0.43      0.38      0.40         8
         48       0.83      0.62      0.71         8
         49       0.91      1.00      0.95        10
         51       0.77      0.91      0.83        11
         54       1.00      0.80      0.89        10
         62       0.29      0.62      0.40         8
         65       0.88      1.00      0.93         7

avg / total       0.96      0.96      0.96      2563
