             precision    recall  f1-score   support

          1       0.51      0.47      0.49        40
          2       0.98      0.98      0.98       750
          3       0.88      0.94      0.91        72
          4       0.95      0.97      0.96        94
          6       0.98      0.98      0.98       355
          7       0.97      0.98      0.97       113
         11       0.91      0.91      0.91        11
         13       0.85      0.73      0.79        15

avg / total       0.96      0.96      0.96      1450
