             precision    recall  f1-score   support

          1       0.95      0.97      0.96       267
          2       0.81      0.93      0.87        95
          3       0.91      0.65      0.76        49
          4       0.96      0.95      0.96       202
          5       0.82      0.82      0.82       158
          6       0.87      0.76      0.81        45
          7       0.90      0.93      0.92       395
          8       0.80      0.85      0.82       119
          9       0.94      0.86      0.90        76
         10       0.50      0.10      0.17        20
         11       0.88      0.88      0.88        17
         12       0.68      0.93      0.79        14

avg / total       0.89      0.89      0.89      1457
