             precision    recall  f1-score   support

          1       0.87      0.85      0.86       258
          2       0.62      0.54      0.58       134
          3       0.59      0.50      0.54       137
          4       0.79      0.87      0.83       507
          5       0.59      0.58      0.58       507
          6       0.31      0.21      0.25        24
          8       0.60      0.45      0.52        73
          9       0.53      0.62      0.57        50
         10       0.58      0.78      0.67        88
         12       1.00      0.09      0.17        11
         13       0.72      0.65      0.68        20

avg / total       0.69      0.69      0.68      1809
