             precision    recall  f1-score   support

          1       0.77      0.92      0.84       441
          2       0.89      0.93      0.91       426
          3       0.58      0.25      0.34       102
          4       0.84      0.90      0.87       193
          5       0.69      0.46      0.55        39
          7       0.65      0.42      0.51       115
          8       1.00      0.73      0.85        15
          9       0.96      0.96      0.96        24

avg / total       0.80      0.81      0.79      1355
