             precision    recall  f1-score   support

          1       0.86      0.95      0.90      7401
          2       0.87      0.77      0.82      1216
          3       0.85      0.68      0.75      1603
          4       0.72      0.69      0.71      1513
          5       0.89      0.86      0.87        91
          6       0.90      0.62      0.73       190
          7       0.64      0.59      0.61       227
          9       0.56      0.22      0.32       112
         10       0.00      0.00      0.00        16
         11       0.35      0.19      0.24        43
         12       0.00      0.00      0.00       104
         14       0.89      0.50      0.64        32

avg / total       0.83      0.84      0.83     12548
