             precision    recall  f1-score   support

          1       0.96      0.96      0.96       233
          2       0.61      0.70      0.65        20
          4       0.97      0.95      0.96        59
          5       0.94      0.94      0.94       134
          6       0.73      0.77      0.75        56
          7       1.00      0.93      0.97        15
         10       0.67      0.75      0.71         8
         13       0.67      0.22      0.33         9

avg / total       0.91      0.91      0.91       534
