             precision    recall  f1-score   support

          1       0.93      0.97      0.95        77
          2       0.94      0.97      0.95        32
          3       0.88      1.00      0.93        14
          4       1.00      0.92      0.96        36
          5       0.90      0.82      0.86        22
          6       1.00      0.95      0.98        21
          8       0.92      0.92      0.92        38
          9       1.00      0.92      0.96        13

avg / total       0.94      0.94      0.94       253
