             precision    recall  f1-score   support

          1       0.99      0.99      0.99       194
          3       0.95      0.99      0.97        79
          4       0.98      0.98      0.98       235
          5       1.00      1.00      1.00        38
          6       1.00      1.00      1.00        28
          7       1.00      0.88      0.93        16
          8       0.97      0.93      0.95        30
          9       1.00      1.00      1.00        15
         12       0.93      1.00      0.97        14
         13       1.00      0.88      0.93         8

avg / total       0.98      0.98      0.98       657
