             precision    recall  f1-score   support

          1       0.54      0.52      0.53        25
          2       0.63      0.63      0.63        41
          3       0.83      0.87      0.85       118
          4       0.96      0.77      0.85        30
          5       0.82      0.88      0.85        78
          6       0.90      0.95      0.92        19
          7       1.00      0.89      0.94         9
          8       0.96      0.92      0.94        24
          9       0.44      0.38      0.41        29
         10       1.00      1.00      1.00         9

avg / total       0.79      0.79      0.79       382
