             precision    recall  f1-score   support

          1       0.88      0.89      0.88       116
          2       0.62      0.64      0.63        28
          3       0.61      0.55      0.58       145
          4       0.77      0.77      0.77        74
          5       0.88      0.87      0.87        67
          6       0.95      0.93      0.94       126
          7       0.64      0.65      0.65        63
          8       0.83      0.93      0.88       163
          9       0.72      0.62      0.67        45
         10       0.64      0.64      0.64        14

avg / total       0.78      0.79      0.79       841
