             precision    recall  f1-score   support

          1       0.70      0.79      0.74       501
          2       0.77      0.75      0.76       811
          3       0.75      0.83      0.79      1013
          4       0.97      0.99      0.98       216
          5       0.75      0.70      0.73       227
          6       0.85      0.88      0.87       982
          7       0.72      0.50      0.59       434
          8       0.74      0.52      0.61        62
          9       0.83      0.84      0.84       191
         10       0.85      0.80      0.82        55
         11       0.94      1.00      0.97        17

avg / total       0.79      0.79      0.78      4509
