             precision    recall  f1-score   support

          1       0.99      1.00      0.99      8630
          2       0.78      0.66      0.71       365
          3       0.57      0.55      0.56       370
          4       0.84      0.78      0.81       996
          5       0.84      0.85      0.85      2831
          6       0.82      0.85      0.83      2258
          7       0.84      0.66      0.74        70
          8       0.87      0.91      0.89        97
          9       1.00      0.77      0.87        13

avg / total       0.91      0.92      0.91     15630
