             precision    recall  f1-score   support

          1       0.89      0.91      0.90      1392
          2       0.68      0.77      0.72        69
          3       0.93      0.95      0.94      1570
          4       0.93      0.91      0.92       690
          5       0.91      0.92      0.91       726
          6       0.73      0.36      0.48        53
          7       0.76      0.63      0.69        51
          8       0.50      0.17      0.25        36
          9       0.73      0.62      0.67        26

avg / total       0.90      0.90      0.90      4613
