             precision    recall  f1-score   support

          1       0.67      0.30      0.41        40
          2       0.98      0.98      0.98       750
          3       0.93      0.99      0.96        72
          4       0.98      0.93      0.95        94
          6       0.96      0.99      0.98       355
          7       0.96      0.99      0.97       112
         11       1.00      0.91      0.95        11
         13       0.82      1.00      0.90        14

avg / total       0.96      0.96      0.96      1448
