             precision    recall  f1-score   support

          1       0.72      0.59      0.65       475
          2       0.79      0.86      0.83       959
          3       0.84      0.64      0.72       856
          4       0.84      0.90      0.87      4794
          5       0.87      0.92      0.90      1542
          6       0.85      0.80      0.82      2064
          7       0.96      0.97      0.96       182
          8       0.97      0.97      0.97       190
          9       0.97      0.98      0.98       828
         10       0.98      0.96      0.97        99
         11       0.96      0.99      0.97       280
         12       0.95      0.98      0.96        42
         13       0.99      0.97      0.98       315
         14       1.00      0.90      0.95        48
         15       0.88      0.54      0.67        26
         16       0.91      0.80      0.85        65
         17       0.97      0.96      0.96        99
         18       1.00      0.67      0.80        24
         19       0.80      0.29      0.42        14
         20       0.90      0.75      0.82        12
         21       0.88      0.75      0.81        20

avg / total       0.86      0.86      0.86     12934
