             precision    recall  f1-score   support

          1       0.97      0.99      0.98       669
          2       0.87      0.90      0.88       137
          3       0.90      0.89      0.89       125
          4       0.50      0.18      0.27        11
          5       0.83      0.69      0.75        29
          6       0.74      0.54      0.62        26
          7       0.85      0.85      0.85        20
          8       0.94      0.89      0.92        19

avg / total       0.93      0.93      0.93      1036
