             precision    recall  f1-score   support

          1       0.86      0.62      0.72       323
          2       0.95      0.93      0.94       172
          3       0.89      0.47      0.61       271
          4       0.91      0.60      0.72       261
          5       0.86      0.39      0.54        77
          6       1.00      0.07      0.13        14
          7       0.91      0.91      0.91     15531
          8       0.90      0.93      0.91     15006
          9       0.93      0.90      0.92      2457
         10       0.79      0.83      0.81      1228
         11       0.78      0.56      0.65       506
         12       0.81      0.87      0.84       386

avg / total       0.90      0.90      0.90     36232
