             precision    recall  f1-score   support

          1       0.89      0.99      0.94       153
          2       0.94      0.83      0.88        18
          3       0.93      0.93      0.93        28
          4       1.00      0.90      0.95        20
          5       0.50      0.33      0.40         9
          7       1.00      0.62      0.76        13
          8       1.00      0.62      0.77         8
          9       0.91      0.80      0.85        25

avg / total       0.90      0.90      0.90       274
