             precision    recall  f1-score   support

          1       0.97      0.98      0.98      1907
          2       0.91      0.85      0.88       247
          3       0.98      0.96      0.97        68
          4       0.92      0.92      0.92        36
          6       0.84      0.95      0.89        22
          7       0.77      0.73      0.75        49
          8       1.00      0.18      0.31        11
          9       0.55      0.86      0.67         7
         11       1.00      0.95      0.97        20
         12       1.00      1.00      1.00        11

avg / total       0.96      0.96      0.96      2378
