             precision    recall  f1-score   support

          1       0.91      0.91      0.91        67
          2       0.95      0.96      0.95        76
          3       0.97      0.99      0.98       257
          4       0.80      0.58      0.67        81
          5       0.84      0.87      0.86        31
          6       0.80      0.81      0.81       198
          7       0.72      0.78      0.75       287
          9       0.85      0.73      0.79        30
         10       0.91      0.91      0.91        11
         13       0.81      0.72      0.76        53
         22       1.00      1.00      1.00         7

avg / total       0.84      0.84      0.84      1098
