             precision    recall  f1-score   support

          1       1.00      1.00      1.00       779
          2       0.96      0.90      0.93       101
          3       1.00      0.93      0.97        74
          4       0.84      0.98      0.90       125
          5       0.90      0.69      0.78        13
          6       0.96      0.98      0.97        56
          7       0.89      0.73      0.80        11
          9       1.00      0.92      0.96        37

avg / total       0.98      0.97      0.97      1196
