             precision    recall  f1-score   support

          1       0.90      0.98      0.94       173
          2       0.83      0.85      0.84        46
          3       0.69      1.00      0.82         9
          4       0.93      0.97      0.95       525
          5       0.84      0.70      0.76        23
          7       0.97      0.94      0.95        33
          8       0.90      0.90      0.90        30
          9       0.91      0.36      0.51        28
         10       1.00      0.57      0.73         7
         11       0.63      0.81      0.71        32
         12       0.89      0.89      0.89        27
         13       0.78      0.75      0.76        28
         14       0.94      0.83      0.88        18
         15       0.81      0.90      0.85        29
         16       0.96      0.93      0.94       100
         17       0.84      0.78      0.81        27
         18       0.89      0.89      0.89         9
         19       0.88      0.91      0.90        47
         21       0.77      0.80      0.78        25
         23       0.86      0.67      0.75         9
         25       0.88      0.93      0.90        15
         26       0.90      0.95      0.93        40
         28       0.87      0.72      0.79        18
         29       1.00      0.81      0.89        26
         32       0.91      0.71      0.80        45
         34       1.00      0.91      0.95        22
         39       0.33      0.14      0.20         7
         42       0.75      0.75      0.75        12

avg / total       0.90      0.90      0.89      1410
