             precision    recall  f1-score   support

          1       0.99      0.99      0.99       670
          2       0.89      0.96      0.93       539
          3       0.90      0.87      0.89       355
          4       0.92      0.86      0.89       145
          5       0.90      0.86      0.88       128
          6       0.95      0.93      0.94       303
          7       0.90      0.91      0.90        77
          8       1.00      1.00      1.00        11
          9       1.00      0.38      0.55         8

avg / total       0.94      0.94      0.93      2236
