             precision    recall  f1-score   support

          1       0.80      0.67      0.73       229
          2       0.93      0.97      0.95       420
          3       0.90      0.93      0.92       742
          4       0.95      0.99      0.97      4584
          5       0.72      0.85      0.78       185
          6       0.78      0.47      0.58        15
          7       0.98      0.99      0.98       646
          8       0.88      0.70      0.78        20
          9       0.99      0.96      0.98        83
         10       0.67      0.04      0.07       101
         11       0.64      0.64      0.64        28
         12       1.00      0.98      0.99       212
         13       0.93      0.68      0.78        40
         14       0.86      0.78      0.82        46
         15       1.00      0.92      0.96        12
         16       0.90      0.89      0.90       291
         17       0.63      0.32      0.42       122
         18       0.99      0.96      0.98       170
         19       1.00      1.00      1.00         7
         20       0.57      0.20      0.30        20
         21       1.00      0.96      0.98        25
         25       1.00      0.33      0.50         9
         26       0.25      0.05      0.08        22
         27       1.00      1.00      1.00         7
         28       0.75      0.33      0.46         9
         35       0.60      0.30      0.40        10
         37       0.00      0.00      0.00         8

avg / total       0.92      0.93      0.92      8063
