             precision    recall  f1-score   support

          1       0.58      0.69      0.63      2487
          2       0.97      0.96      0.96      1232
          3       0.99      0.98      0.99      2092
          4       0.97      0.98      0.98      1650
          5       1.00      0.99      0.99      2508
          6       0.56      0.46      0.51      2236
          7       0.96      0.97      0.96      2031
          8       0.94      0.93      0.94       326
          9       0.97      0.92      0.94       343
         10       0.89      0.78      0.83       359
         11       0.95      0.98      0.97      2014
         12       0.98      0.95      0.96       256
         13       0.89      0.94      0.91        66
         14       0.94      0.97      0.96       498
         15       0.71      0.46      0.56       129
         16       0.87      0.85      0.86       235

avg / total       0.86      0.86      0.86     18462
