             precision    recall  f1-score   support

          1       0.92      0.85      0.88        26
          2       1.00      0.96      0.98        24
          3       0.94      0.65      0.77        46
          4       0.69      0.90      0.78        20
          5       0.76      0.87      0.81        52
          6       1.00      0.67      0.80        18
          7       0.62      0.74      0.67        43
          8       0.71      0.77      0.74        13

avg / total       0.82      0.79      0.80       242
