             precision    recall  f1-score   support

          1       0.90      0.97      0.94       240
          2       0.88      0.94      0.91       204
          3       0.97      0.98      0.97       564
          4       0.94      0.96      0.95       517
          5       0.92      0.87      0.90        94
          6       0.95      0.63      0.76        67
          7       0.92      0.96      0.94        23
          8       0.89      0.77      0.82       162
          9       0.69      0.79      0.73        14

avg / total       0.93      0.93      0.93      1885
