             precision    recall  f1-score   support

          1       0.99      0.98      0.99       669
          2       0.87      0.93      0.90       539
          3       0.90      0.85      0.88       355
          4       0.91      0.88      0.90       145
          5       0.97      0.91      0.94       128
          6       0.92      0.94      0.93       302
          7       0.87      0.87      0.87        77
          8       0.91      0.91      0.91        11
          9       1.00      0.12      0.22         8

avg / total       0.93      0.93      0.93      2234
