             precision    recall  f1-score   support

          1       0.61      0.68      0.64        25
          2       0.93      0.91      0.92        46
          3       0.81      0.90      0.85       115
          4       0.93      0.82      0.87        17
          5       0.93      0.88      0.90        84
          6       0.83      0.85      0.84        41
          7       0.57      0.36      0.44        11
          8       0.88      0.78      0.82        27
          9       0.33      0.20      0.25        10
         10       0.68      0.72      0.70        18
         12       1.00      0.88      0.93         8
         13       0.85      0.81      0.83        21
         14       0.84      0.87      0.85        30
         16       0.83      1.00      0.91        10
         17       0.85      0.85      0.85        13
         18       0.86      0.67      0.75         9

avg / total       0.83      0.83      0.83       485
