             precision    recall  f1-score   support

          1       0.95      0.99      0.97       917
          2       0.76      0.67      0.72        86
          3       0.95      0.95      0.95       834
          4       0.90      0.90      0.90       212
          5       0.84      0.94      0.88        49
          6       0.72      0.59      0.65        88
          7       0.85      0.85      0.85        20
          8       0.90      0.54      0.68        35

avg / total       0.93      0.93      0.93      2241
