             precision    recall  f1-score   support

          1       0.99      0.95      0.97       130
          2       0.85      0.91      0.88        68
          3       0.94      0.94      0.94        34
          4       0.72      0.56      0.63       128
          5       0.85      0.97      0.91       323
          6       0.82      0.85      0.83       130
          7       0.82      0.91      0.86        54
          8       0.95      0.87      0.90        60
          9       0.83      0.85      0.84        84
         10       0.89      0.94      0.91        34
         11       0.67      0.78      0.72        41
         12       0.79      0.71      0.75        21
         13       0.74      0.61      0.67        33
         14       0.84      0.81      0.83        70
         15       0.67      0.68      0.68        72
         16       0.83      0.89      0.86        62
         17       0.79      0.84      0.82        64
         18       0.64      0.32      0.42        22
         19       0.92      0.97      0.95       188
         20       0.76      0.85      0.80        33
         21       0.80      0.69      0.74        74
         22       0.93      0.96      0.95        74
         23       0.68      0.46      0.55        50
         24       0.68      0.72      0.70        18
         26       0.98      0.88      0.93        57
         27       0.90      1.00      0.95        19
         29       1.00      0.75      0.86        12

avg / total       0.84      0.84      0.84      1955
