             precision    recall  f1-score   support

          1       0.79      0.79      0.79       991
          2       0.64      0.72      0.68      1129
          3       0.79      0.74      0.76       161
          4       0.78      0.78      0.78       583
          5       0.72      0.61      0.66       512
          6       0.81      0.80      0.81       220
          7       0.82      0.80      0.81       146
          8       0.72      0.59      0.65        64
          9       0.73      0.59      0.65       108

avg / total       0.74      0.73      0.73      3914
