             precision    recall  f1-score   support

          1       0.77      0.71      0.74        14
          2       0.92      0.95      0.93       105
          3       0.00      0.00      0.00         7
          4       0.93      0.81      0.87        16
          5       0.84      0.98      0.90        62
          6       0.86      0.75      0.80         8
          8       0.95      0.95      0.95        39
          9       0.67      0.62      0.64        13
         12       0.50      0.25      0.33         8

avg / total       0.85      0.87      0.86       272
