             precision    recall  f1-score   support

          1       0.86      0.95      0.90      4100
          2       0.94      0.95      0.94      3284
          3       0.67      0.59      0.63      2201
          4       0.74      0.70      0.72       199
          5       0.94      0.87      0.90       394
          6       0.95      0.25      0.40        76
          7       0.90      0.43      0.58        21
          8       0.68      0.31      0.42        49
          9       1.00      0.33      0.50         9
         10       0.60      0.56      0.58       295
         11       0.52      0.35      0.42       130
         12       0.65      0.53      0.58       143
         13       0.50      0.12      0.20         8
         14       0.00      0.00      0.00         7

avg / total       0.83      0.84      0.83     10916
