             precision    recall  f1-score   support

          1       0.82      0.84      0.83     17989
          2       0.80      0.78      0.79     14415
          3       0.00      0.00      0.00        13
          4       1.00      0.09      0.17        11
          5       0.94      0.95      0.94       621
          6       0.95      0.82      0.88       220
          7       0.90      0.60      0.72        15
          9       0.85      0.42      0.56        26
         10       0.92      0.61      0.73        18
         11       1.00      0.13      0.23        31
         12       0.75      0.71      0.73        17
         13       0.43      0.28      0.34        32

avg / total       0.82      0.82      0.82     33408
