             precision    recall  f1-score   support

          1       0.89      0.86      0.87      2352
          2       0.91      0.96      0.93      2184
          3       0.94      0.96      0.95      1055
          4       0.75      0.43      0.55         7
          5       0.85      0.88      0.86      1914
          6       0.94      0.95      0.94       728
          7       0.92      0.81      0.86       189
          8       0.34      0.12      0.17       103
          9       0.75      0.38      0.50         8
         12       0.80      0.40      0.53        10

avg / total       0.89      0.90      0.89      8550
