             precision    recall  f1-score   support

          1       0.76      0.91      0.83       441
          2       0.91      0.92      0.92       426
          3       0.61      0.26      0.37       102
          4       0.89      0.86      0.87       193
          5       0.80      0.62      0.70        39
          7       0.58      0.47      0.52       114
          8       0.83      1.00      0.91        15
          9       1.00      0.96      0.98        23

avg / total       0.81      0.82      0.80      1353
