             precision    recall  f1-score   support

          1       0.65      0.60      0.63        25
          2       0.89      0.91      0.90        46
          3       0.89      0.90      0.90       115
          4       0.94      1.00      0.97        16
          5       0.94      0.95      0.95        84
          6       0.80      0.78      0.79        41
          7       0.57      0.40      0.47        10
          8       0.96      0.85      0.90        27
          9       0.33      0.10      0.15        10
         10       0.78      0.78      0.78        18
         12       0.73      1.00      0.84         8
         13       0.87      1.00      0.93        20
         14       0.87      0.90      0.88        29
         16       0.89      0.80      0.84        10
         17       0.80      1.00      0.89        12
         18       0.82      1.00      0.90         9

avg / total       0.85      0.86      0.85       480
