             precision    recall  f1-score   support

          1       0.40      0.33      0.36      2241
          2       0.62      0.66      0.64      2375
          3       0.37      0.32      0.34       639
          4       0.48      0.33      0.39       649
          5       0.36      0.37      0.36      2748
          6       0.38      0.31      0.35       991
          7       0.27      0.16      0.20      1027
          9       0.55      0.79      0.65      8022
         11       0.30      0.29      0.30      3366
         12       0.44      0.39      0.41      1367
         14       0.30      0.15      0.20       410
         15       0.38      0.23      0.29       433
         17       0.20      0.08      0.11       786
         19       0.23      0.14      0.17      2302
         21       0.52      0.52      0.52       521
         22       0.47      0.37      0.42       430
         23       0.45      0.37      0.41       360
         25       0.36      0.21      0.26       336
         30       0.36      0.17      0.23       372

avg / total       0.42      0.45      0.43     29375
