             precision    recall  f1-score   support

          1       0.73      0.76      0.75      6148
          2       0.48      0.59      0.53       357
          3       0.92      0.94      0.93      2796
          6       0.75      0.68      0.72       427
          9       0.55      0.60      0.57      1392
         12       0.98      0.99      0.98      5601
         16       0.48      0.41      0.44      2862
         18       0.51      0.52      0.51      1188
         20       0.36      0.30      0.33       262
         22       0.67      0.63      0.65       481
         23       0.75      0.80      0.78       378
         25       0.69      0.70      0.69       358
         26       0.90      0.91      0.90       283
         27       0.49      0.48      0.48       601
         28       0.96      0.93      0.95       266
         29       0.79      0.84      0.81      1538
         33       0.58      0.57      0.58       347
         34       0.71      0.67      0.69       449
         35       0.95      0.91      0.93       995
         42       0.83      0.89      0.86       727
         43       0.70      0.69      0.69       344
         44       0.75      0.71      0.73       287
         63       0.76      0.64      0.70       366
         66       0.71      0.66      0.68       493
         68       0.68      0.67      0.68       832
         74       0.65      0.67      0.66       258
         77       0.49      0.39      0.43       625
         79       0.91      0.91      0.91       295
         81       0.69      0.69      0.69       715
         85       0.56      0.49      0.52       337
         89       0.63      0.54      0.58       287
         94       0.90      0.89      0.90       423
        100       0.50      0.50      0.50       352
        109       0.82      0.83      0.82       299
        112       0.68      0.72      0.70       263
        117       0.61      0.64      0.62       839
        124       0.60      0.61      0.61       382
        132       0.80      0.85      0.82       469
        139       0.56      0.52      0.54       344
        141       0.55      0.57      0.56       353
        148       0.60      0.61      0.60       345
        159       0.67      0.72      0.69       463

avg / total       0.73      0.74      0.74     36827

