             precision    recall  f1-score   support

          2       0.98      0.98      0.98      2280
          3       0.93      0.96      0.95      1386
          4       0.87      0.72      0.79       298
          6       0.67      0.71      0.69       488
          8       0.70      0.64      0.67       600
          9       0.93      0.86      0.89       807
         11       0.84      0.93      0.88      1059
         12       0.75      0.76      0.75       266
         13       0.90      0.87      0.89       422
         14       0.63      0.65      0.64       839
         15       0.82      0.88      0.85       856
         16       0.89      0.91      0.90       721
         17       0.82      0.87      0.85       774
         18       0.88      0.88      0.88      1765
         20       0.67      0.67      0.67       592
         21       0.83      0.78      0.80       691
         24       0.86      0.92      0.89       278
         26       0.88      0.89      0.89       616
         27       0.80      0.81      0.80       988
         29       0.61      0.47      0.53       413
         30       0.89      0.84      0.86       332
         31       0.37      0.34      0.35       271
         33       0.61      0.62      0.62       315
         39       0.66      0.64      0.65       476
         41       0.85      0.87      0.86       273
         46       0.95      0.94      0.94       282
         49       0.78      0.85      0.81       375
         52       0.82      0.90      0.86       325
         53       0.80      0.76      0.78       274
         65       0.29      0.23      0.26       282
         71       0.95      0.89      0.92       358

avg / total       0.82      0.83      0.82     19702

