             precision    recall  f1-score   support

          1       0.95      0.95      0.95     16743
          2       0.86      0.90      0.88      1476
          3       0.87      0.88      0.88      1575
          4       0.69      0.58      0.63       410
          5       0.95      0.95      0.95      8452
          6       0.79      0.69      0.74       282
          7       0.83      0.84      0.83      3119
          9       0.85      0.88      0.87      3294
         10       0.87      0.88      0.87       616
         11       0.82      0.81      0.81      1761
         12       0.87      0.88      0.88      3801
         13       0.76      0.75      0.75       894
         15       0.70      0.62      0.66       953
         16       0.88      0.81      0.84       387
         17       0.89      0.84      0.87       318
         19       0.89      0.89      0.89       420
         21       0.58      0.55      0.57       266
         26       0.88      0.88      0.88       468
         28       0.82      0.83      0.82       501
         29       0.79      0.79      0.79       435
         31       0.92      0.87      0.90       511
         37       0.90      0.86      0.88       436
         40       0.86      0.88      0.87       287

avg / total       0.90      0.90      0.90     47405

