             precision    recall  f1-score   support

          1       0.78      0.72      0.75       435
          2       0.56      0.55      0.56      1640
          3       0.59      0.43      0.49       691
          4       0.49      0.52      0.51       631
          5       0.65      0.70      0.67       350
          6       0.70      0.71      0.70      2190
          7       0.95      0.99      0.97      5798
          8       0.66      0.67      0.66       693
          9       0.67      0.71      0.69      1651
         10       0.45      0.36      0.40       475
         12       0.81      0.81      0.81      6826
         13       0.62      0.59      0.61      3383
         14       0.44      0.34      0.38       587
         15       0.72      0.70      0.71       254
         17       0.67      0.71      0.69      6180
         19       0.75      0.79      0.77      7076
         20       0.78      0.84      0.81      5610
         21       0.46      0.41      0.43      1100
         22       0.84      0.88      0.86      8728
         23       0.63      0.61      0.62      7857
         24       0.61      0.61      0.61      3869
         25       0.61      0.57      0.59      2923
         26       0.47      0.49      0.48       484
         27       0.65      0.72      0.69      1999
         28       0.57      0.48      0.52      1069
         29       0.76      0.77      0.76      1724
         31       0.55      0.55      0.55      3068
         32       0.52      0.46      0.49      1409
         33       0.51      0.47      0.49       408
         34       0.70      0.63      0.66      1223
         35       0.67      0.71      0.69      2583
         36       0.64      0.60      0.62       916
         37       0.47      0.45      0.46      1015
         39       0.61      0.59      0.60       468
         40       0.41      0.40      0.40       505
         42       0.66      0.63      0.64       811
         43       0.58      0.48      0.53       464
         44       0.63      0.68      0.65       551
         45       0.55      0.52      0.53      1147
         46       0.44      0.46      0.45       254
         47       0.65      0.72      0.68       673
         48       0.61      0.65      0.63      1666
         49       0.61      0.61      0.61       558
         50       0.47      0.44      0.45       580
         55       0.63      0.63      0.63      1356
         57       0.70      0.71      0.70      1049
         58       0.55      0.55      0.55       779
         61       0.58      0.56      0.57      1542
         64       0.56      0.49      0.52       390
         65       0.57      0.57      0.57       903
         66       0.55      0.59      0.57       494
         68       0.63      0.65      0.64      2378
         69       0.66      0.71      0.69       469
         70       0.49      0.46      0.47      1085
         71       0.51      0.35      0.41       507
         72       0.57      0.59      0.58       648
         74       0.71      0.78      0.74      2684
         75       0.51      0.55      0.53      1565
         76       0.62      0.64      0.63      1555
         77       0.51      0.56      0.54       639
         81       0.57      0.58      0.57       356
         83       0.72      0.74      0.73       430
         84       0.61      0.60      0.61       564
         87       0.57      0.59      0.58       280
         91       0.29      0.20      0.24      1110
         93       0.37      0.34      0.35       407
         94       0.45      0.42      0.44       313
         96       0.50      0.40      0.45      1135
         98       0.57      0.53      0.55       259
        101       0.42      0.39      0.41       844
        104       0.45      0.46      0.46       527
        105       0.49      0.51      0.50       267
        110       0.58      0.52      0.55      1541
        111       0.46      0.42      0.44       470
        113       0.70      0.66      0.68       350
        116       0.35      0.35      0.35       311
        122       0.40      0.33      0.36       334
        123       0.45      0.42      0.43       777
        125       0.77      0.90      0.83       573
        129       0.52      0.47      0.50       434
        131       0.60      0.52      0.56       550
        132       0.42      0.40      0.41       314
        138       0.47      0.49      0.48       364
        141       0.49      0.41      0.45       287
        143       0.44      0.27      0.34       265
        146       0.50      0.46      0.48       260
        153       0.70      0.71      0.71       438
        155       0.77      0.92      0.84       687
        157       0.41      0.42      0.42       280
        158       0.47      0.50      0.48       355
        165       0.52      0.44      0.48       394
        174       0.57      0.54      0.56       416
        184       0.37      0.39      0.38       272
        186       0.52      0.50      0.51       254
        187       0.62      0.54      0.58       254
        200       0.59      0.59      0.59       349

avg / total       0.66      0.66      0.66    127586

