             precision    recall  f1-score   support

          1       0.82      0.89      0.86     30997
          2       0.76      0.76      0.76     22690
          3       0.72      0.75      0.74      4655
          4       0.88      0.95      0.91     54551
          5       0.93      0.97      0.95      7642
          6       0.77      0.81      0.79     29057
          7       0.79      0.83      0.81      1253
          8       0.63      0.63      0.63      8902
          9       0.55      0.54      0.54       328
         10       0.73      0.73      0.73      2898
         11       0.80      0.77      0.79      6240
         12       0.52      0.53      0.53      1014
         13       0.67      0.74      0.70      3026
         14       0.68      0.70      0.69      2872
         15       0.68      0.81      0.74      3797
         16       0.66      0.68      0.67      1875
         17       0.70      0.68      0.69      2470
         18       0.43      0.36      0.39      3355
         19       0.42      0.35      0.38      6875
         20       0.77      0.75      0.76      2421
         21       0.95      0.98      0.97      9853
         22       0.54      0.60      0.57      1270
         23       0.71      0.69      0.70     13163
         24       0.61      0.64      0.63       867
         25       0.69      0.75      0.72      3721
         26       0.91      0.92      0.91     16127
         27       0.59      0.54      0.56      2330
         28       0.84      0.83      0.83      3835
         29       0.84      0.82      0.83      7618
         30       0.71      0.68      0.70      5042
         31       0.83      0.88      0.85     68202
         32       0.79      0.77      0.78      2968
         33       0.87      0.91      0.89      7087
         34       0.60      0.61      0.60      1896
         35       0.64      0.63      0.63      1606
         36       0.64      0.68      0.66      6518
         37       0.56      0.51      0.53      7107
         38       0.78      0.82      0.80      2855
         39       0.77      0.80      0.78       995
         40       0.76      0.69      0.72      3875
         41       0.66      0.72      0.69      4019
         42       0.67      0.64      0.66     33405
         43       0.41      0.35      0.38       445
         44       0.62      0.72      0.67     12120
         45       0.79      0.83      0.81      3293
         46       0.58      0.61      0.59      4436
         47       0.59      0.57      0.58      5263
         48       0.64      0.60      0.62      2586
         49       0.45      0.40      0.42       558
         50       0.50      0.36      0.42      5141
         51       0.43      0.26      0.32      3064
         52       0.58      0.60      0.59      2929
         53       0.86      0.85      0.85       349
         54       0.52      0.47      0.49      3031
         55       0.90      0.88      0.89      4139
         56       0.50      0.36      0.42      4993
         57       0.59      0.62      0.60      2952
         58       0.84      0.89      0.86       286
         59       0.63      0.61      0.62      4597
         60       0.55      0.42      0.48      1725
         61       0.72      0.73      0.72       775
         62       0.64      0.71      0.67      5920
         63       0.83      0.85      0.84       396
         64       0.59      0.59      0.59      1939
         66       0.79      0.74      0.77      7365
         67       0.51      0.46      0.48       734
         68       0.58      0.59      0.59       980
         69       0.69      0.74      0.71      2553
         70       0.97      0.99      0.98      1573
         72       0.55      0.54      0.55      2329
         73       0.62      0.56      0.59      1994
         74       0.56      0.48      0.52       913
         75       0.91      0.80      0.85       832
         76       0.57      0.55      0.56      3317
         77       0.77      0.82      0.79       414
         78       0.71      0.68      0.69      6731
         79       0.41      0.41      0.41       316
         80       0.72      0.73      0.73      4026
         82       0.83      0.88      0.85      3554
         83       0.87      0.79      0.83      2336
         85       0.59      0.70      0.64       504
         86       0.33      0.25      0.29      1118
         88       0.45      0.41      0.43      1099
         89       0.59      0.62      0.61      2627
         90       0.79      0.80      0.80      1537
         91       0.79      0.85      0.82      2386
         92       0.73      0.72      0.73      1893
         93       0.43      0.35      0.38      1825
         94       0.92      0.96      0.94      8601
         95       0.59      0.57      0.58       983
         96       0.63      0.65      0.64      1854
         97       0.65      0.65      0.65      1601
         98       0.55      0.47      0.51      4171
         99       0.69      0.79      0.73       481
        101       0.52      0.35      0.42      1369
        102       0.88      0.94      0.91      1978
        103       0.58      0.56      0.57      1865
        104       0.75      0.74      0.75      1582
        105       0.82      0.88      0.85      4960
        106       0.76      0.76      0.76      1866
        107       0.72      0.77      0.74      1178
        108       0.65      0.60      0.62      2272
        109       0.45      0.27      0.33      2862
        110       0.44      0.27      0.33     11691
        111       0.77      0.78      0.77      4427
        112       0.78      0.77      0.77     12150
        113       0.92      0.90      0.91      2404
        114       0.59      0.60      0.60      1945
        115       0.49      0.48      0.49       664
        116       0.65      0.75      0.69      2255
        117       0.89      0.89      0.89      2143
        118       0.83      0.90      0.86       390
        119       0.45      0.33      0.38      2012
        120       0.85      0.83      0.84      8159
        121       0.69      0.68      0.69       498
        122       0.90      0.98      0.94      5572
        124       0.66      0.69      0.67      4715
        125       0.70      0.75      0.72      7613
        126       0.61      0.67      0.64      2131
        127       0.47      0.44      0.46       699
        128       0.52      0.43      0.47       253
        129       0.47      0.46      0.47       802
        130       0.64      0.72      0.68      6486
        131       0.33      0.33      0.33       518
        132       0.61      0.60      0.61      1372
        134       0.79      0.89      0.84      6282
        135       0.62      0.67      0.64      3578
        136       0.35      0.30      0.32      1347
        137       0.77      0.87      0.81      5458
        138       0.52      0.45      0.48       409
        139       0.91      0.86      0.88       269
        140       0.77      0.72      0.75       384
        141       0.91      0.94      0.93      5427
        142       0.59      0.60      0.60       381
        143       0.48      0.52      0.50       264
        144       0.96      0.99      0.98      6249
        145       0.69      0.70      0.70      1692
        146       0.55      0.39      0.46      1711
        148       0.56      0.54      0.55       792
        149       0.71      0.74      0.72      2261
        150       0.55      0.44      0.49       818
        151       0.55      0.56      0.55      1277
        152       0.86      0.86      0.86      7125
        153       0.58      0.53      0.56       602
        156       0.62      0.60      0.61      1538
        157       0.53      0.50      0.52      2164
        158       0.68      0.60      0.63      1119
        159       0.56      0.55      0.56       913
        160       0.89      0.89      0.89      5294
        161       0.24      0.16      0.19      1108
        162       0.42      0.35      0.38       329
        163       0.97      0.98      0.97      6476
        165       0.54      0.47      0.50       428
        166       0.92      0.92      0.92     11471
        168       0.56      0.57      0.56       879
        169       0.61      0.65      0.63      1372
        171       0.55      0.47      0.51      1957
        172       0.80      0.83      0.81       897
        173       0.46      0.32      0.38       319
        174       0.63      0.61      0.62      1340
        175       0.64      0.62      0.63      1581
        176       0.67      0.65      0.66      2298
        179       0.86      0.87      0.87      3406
        180       0.61      0.57      0.59       361
        181       0.48      0.32      0.38       551
        182       0.55      0.57      0.56      2438
        183       0.77      0.82      0.79      2159
        184       0.62      0.62      0.62      2076
        186       0.43      0.35      0.39       729
        187       0.72      0.80      0.76      3665
        188       0.49      0.45      0.47       455
        189       0.76      0.71      0.73      2159
        192       0.78      0.81      0.80      3771
        193       0.61      0.66      0.63      8606
        194       0.59      0.59      0.59       716
        195       0.75      0.66      0.70       855
        196       0.55      0.68      0.61       380
        198       0.65      0.72      0.68       696
        199       0.65      0.65      0.65      2037
        202       0.57      0.57      0.57       444
        204       0.82      0.81      0.81      1486
        205       0.63      0.69      0.66      2804
        206       0.75      0.67      0.71       439
        207       0.74      0.97      0.84      4758
        208       0.38      0.34      0.36      1962
        209       0.97      0.99      0.98      1823
        211       0.51      0.60      0.55       549
        212       0.74      0.74      0.74       978
        213       0.59      0.49      0.54       418
        214       0.40      0.38      0.39       562
        215       0.64      0.69      0.66      1276
        216       0.25      0.09      0.13      4372
        217       0.81      0.85      0.83       848
        218       0.41      0.25      0.31       758
        219       0.62      0.67      0.65      2353
        220       0.55      0.50      0.52       528
        221       0.58      0.61      0.60       340
        222       0.54      0.48      0.51      4011
        223       0.50      0.41      0.45       257
        225       0.60      0.58      0.59      6799
        226       0.50      0.45      0.48       361
        228       0.66      0.67      0.66      2709
        229       0.69      0.68      0.69       903
        230       0.82      0.78      0.80       393
        231       0.58      0.55      0.56       863
        232       0.57      0.46      0.51      1336
        233       0.62      0.62      0.62      1668
        234       0.80      0.85      0.83       495
        235       0.51      0.36      0.42       286
        236       0.70      0.67      0.68       592
        237       0.57      0.59      0.58      2702
        238       0.92      0.86      0.89      4184
        239       0.53      0.45      0.49      1826
        242       0.75      0.81      0.78      1683
        243       0.91      0.92      0.91      4223
        245       0.73      0.83      0.77      3281
        246       0.67      0.66      0.66       973
        248       0.62      0.59      0.60      1185
        249       0.61      0.59      0.60       435
        250       0.49      0.54      0.51       269
        251       0.64      0.55      0.59      2949
        252       0.45      0.48      0.47      1096
        253       0.64      0.68      0.66       886
        254       0.73      0.78      0.76       849
        255       0.77      0.85      0.81      1087
        256       0.58      0.51      0.54       467
        257       0.64      0.76      0.69      1729
        258       0.81      0.85      0.83      1807
        259       0.30      0.22      0.26       447
        260       0.55      0.55      0.55       787
        261       0.67      0.70      0.68       428
        262       0.51      0.53      0.52      3410
        263       0.58      0.71      0.64       459
        264       0.49      0.52      0.51       694
        265       0.70      0.83      0.76      1369
        266       0.50      0.49      0.50       655
        267       0.69      0.65      0.67      1928
        270       0.58      0.56      0.57      1963
        272       0.77      0.79      0.78      3502
        274       0.65      0.71      0.68      1676
        276       0.56      0.60      0.58       744
        277       0.50      0.47      0.48       753
        278       0.63      0.69      0.66      1441
        279       0.83      0.84      0.84       520
        282       0.53      0.52      0.53       689
        283       0.50      0.45      0.47       451
        284       0.72      0.77      0.74      1254
        285       0.38      0.30      0.33       797
        287       0.93      0.94      0.93       977
        288       0.73      0.84      0.78       934
        292       0.57      0.52      0.54       405
        293       0.74      0.88      0.81       941
        294       0.91      0.92      0.91      2668
        297       0.59      0.61      0.60       696
        298       0.62      0.59      0.60      1047
        299       0.53      0.57      0.55       316
        300       0.51      0.47      0.49       614
        301       0.81      0.85      0.83       770
        303       0.74      0.77      0.76      1987
        305       0.71      0.69      0.70       782
        306       0.44      0.35      0.39       974
        309       0.54      0.53      0.54       628
        312       0.52      0.58      0.55       451
        313       0.93      0.94      0.94       346
        314       0.63      0.49      0.55      1660
        315       0.92      0.93      0.93       273
        316       0.74      0.74      0.74       400
        317       0.35      0.40      0.37       253
        318       0.74      0.77      0.76       444
        320       0.40      0.34      0.36       682
        322       0.60      0.66      0.63       564
        323       0.67      0.63      0.65      1225
        325       0.67      0.72      0.69       484
        327       0.55      0.51      0.53       789
        329       0.64      0.60      0.62       297
        331       0.67      0.67      0.67      3368
        332       0.71      0.70      0.70       470
        334       0.75      0.80      0.77       263
        335       0.92      0.93      0.92       351
        336       0.68      0.66      0.67      1989
        340       0.59      0.59      0.59       323
        341       0.66      0.68      0.67       574
        342       0.51      0.49      0.50       659
        343       0.90      0.48      0.62      1882
        345       0.62      0.55      0.58      1392
        349       0.55      0.50      0.52       920
        350       0.60      0.57      0.59       893
        351       0.69      0.74      0.71       400
        353       0.79      0.84      0.82       581
        358       0.61      0.67      0.64       665
        359       0.82      0.88      0.85       282
        360       0.67      0.72      0.70      1259
        361       0.56      0.52      0.54      1458
        363       0.52      0.51      0.52       760
        364       0.35      0.27      0.31      1008
        366       0.55      0.50      0.52      1015
        367       0.57      0.53      0.55       255
        368       0.67      0.63      0.65       754
        369       0.57      0.57      0.57       811
        370       0.54      0.49      0.51       928
        371       0.59      0.56      0.57       581
        372       0.51      0.49      0.50       691
        374       0.64      0.51      0.57      1304
        375       0.35      0.35      0.35       361
        378       0.67      0.74      0.70      1019
        381       0.51      0.49      0.50       371
        382       0.47      0.44      0.46       448
        384       0.35      0.27      0.31       376
        385       0.58      0.45      0.51       300
        391       0.59      0.62      0.61      1083
        393       0.59      0.60      0.60       701
        398       0.56      0.56      0.56       562
        399       0.49      0.53      0.51       440
        400       0.55      0.49      0.52      1625
        403       0.49      0.46      0.48       738
        404       0.63      0.70      0.66       929
        405       0.72      0.74      0.73      2287
        406       0.35      0.28      0.31       531
        410       0.47      0.27      0.34       300
        413       0.53      0.58      0.55       439
        414       0.63      0.55      0.58       499
        415       0.88      0.87      0.87       929
        416       0.87      0.89      0.88       254
        418       0.41      0.38      0.39       940
        423       0.43      0.55      0.48       302
        425       0.81      0.85      0.83       471
        426       0.36      0.42      0.39       361
        429       0.52      0.47      0.50       343
        432       0.70      0.68      0.69       349
        433       0.60      0.58      0.59       380
        434       0.99      0.99      0.99      1300
        437       0.38      0.33      0.35      1012
        438       0.83      0.85      0.84       368
        439       0.47      0.50      0.48       961
        442       0.75      0.77      0.76       422
        444       0.49      0.47      0.48       368
        445       0.49      0.31      0.38      1481
        446       0.85      0.89      0.87       904
        448       0.43      0.40      0.41       304
        449       0.54      0.56      0.55       403
        452       0.32      0.29      0.30       287
        455       0.40      0.37      0.38       412
        457       0.58      0.49      0.53       335
        458       0.70      0.56      0.62       311
        459       0.58      0.63      0.60       331
        461       0.95      0.99      0.97       321
        466       0.56      0.58      0.57       301
        468       0.61      0.58      0.59       288
        469       0.62      0.64      0.63       289
        473       0.56      0.71      0.62       305
        476       0.55      0.58      0.57       519
        479       0.81      0.84      0.83      1079
        488       0.59      0.55      0.57       421
        489       0.91      0.91      0.91       617
        494       0.48      0.44      0.46       523
        504       0.65      0.66      0.65       489
        506       0.68      0.74      0.71       428
        517       0.42      0.36      0.39       297
        520       0.40      0.41      0.40       460
        522       0.93      0.88      0.90       402
        526       0.43      0.41      0.42       445
        527       0.51      0.43      0.46       355
        531       0.52      0.89      0.66       280
        533       0.62      0.57      0.59       460
        534       0.68      0.70      0.69       552
        538       0.71      0.74      0.72       483
        540       0.53      0.52      0.52       497
        549       0.56      0.52      0.54       522
        550       0.49      0.36      0.42       326
        558       0.33      0.27      0.29       263
        561       0.54      0.51      0.53       623
        562       0.60      0.63      0.61       607
        569       0.47      0.51      0.49       323
        570       0.61      0.57      0.59       555
        577       0.55      0.51      0.53       261
        579       0.56      0.67      0.61       252
        580       0.65      0.66      0.66       599
        605       0.36      0.27      0.31       267
        621       0.36      0.32      0.34       264
        630       0.37      0.43      0.40       517
        666       0.67      0.77      0.72       269

avg / total       0.72      0.73      0.72    956969

