             precision    recall  f1-score   support

          2       0.99      0.99      0.99      2281
          3       0.95      0.97      0.96      1386
          4       0.82      0.79      0.81       297
          6       0.69      0.68      0.68       489
          8       0.70      0.64      0.67       600
          9       0.94      0.86      0.90       806
         11       0.86      0.92      0.89      1060
         12       0.71      0.75      0.73       265
         13       0.92      0.89      0.90       422
         14       0.63      0.63      0.63       840
         15       0.81      0.88      0.84       855
         16       0.92      0.90      0.91       722
         17       0.77      0.88      0.82       773
         18       0.90      0.88      0.89      1766
         20       0.67      0.69      0.68       592
         21       0.80      0.82      0.81       691
         24       0.89      0.82      0.86       278
         26       0.86      0.90      0.88       615
         27       0.79      0.85      0.82       989
         29       0.59      0.52      0.55       413
         30       0.81      0.85      0.83       332
         31       0.39      0.36      0.37       270
         33       0.61      0.61      0.61       315
         39       0.69      0.64      0.66       477
         41       0.86      0.84      0.85       273
         46       0.96      0.91      0.93       281
         49       0.76      0.75      0.76       375
         52       0.86      0.92      0.89       326
         53       0.81      0.82      0.82       273
         65       0.36      0.22      0.27       283
         71       0.95      0.92      0.93       357

avg / total       0.83      0.83      0.83     19702

