             precision    recall  f1-score   support

          1       0.99      0.99      0.99      7874
          2       0.57      0.46      0.51       275
          3       0.84      0.88      0.86       624
          7       0.70      0.61      0.65       497
         10       0.71      0.74      0.73       305
         12       0.74      0.77      0.75       316
         14       0.65      0.76      0.70       394
         15       0.79      0.77      0.78       300
         20       0.95      0.91      0.93       291

avg / total       0.92      0.92      0.92     10876

