             precision    recall  f1-score   support

          1       0.57      0.48      0.52     14973
          2       0.69      0.76      0.72     12417
          3       0.56      0.49      0.52     21324
          4       0.88      0.90      0.89     46229
          5       0.68      0.77      0.73     43657
          6       0.69      0.67      0.68      1027
          7       0.84      0.82      0.83      7554
          8       0.58      0.58      0.58      2805
          9       0.51      0.44      0.47      9538
         10       0.85      0.89      0.87     93121
         11       0.65      0.81      0.72     15943
         12       0.85      0.89      0.87     65406
         13       0.60      0.69      0.64     31296
         14       0.79      0.78      0.78      8526
         15       0.77      0.80      0.79     27406
         16       0.49      0.42      0.45      2652
         17       0.53      0.57      0.55     59598
         18       0.79      0.81      0.80     18511
         19       0.67      0.52      0.59     52792
         20       0.71      0.72      0.72       392
         21       0.81      0.85      0.83     31610
         22       0.40      0.32      0.36      1116
         23       0.93      0.93      0.93      5438
         24       0.21      0.02      0.03      1691
         25       0.78      0.75      0.77      1361
         26       0.57      0.58      0.57      1258
         27       0.63      0.63      0.63      1538
         28       0.78      0.73      0.75      2083
         29       0.46      0.31      0.37      7008
         30       0.56      0.33      0.41      3625
         31       0.75      0.74      0.74       635
         32       0.63      0.60      0.62      1077
         33       0.66      0.72      0.69       268
         34       0.50      0.37      0.43      5788
         35       0.42      0.50      0.46       634
         36       0.64      0.52      0.57      6908
         37       0.69      0.63      0.66      7580
         38       0.74      0.72      0.73      2677
         39       0.83      0.85      0.84      8145
         40       0.58      0.53      0.55      2887
         41       0.69      0.65      0.67       603
         42       0.85      0.84      0.84       318
         43       0.54      0.50      0.52      4250
         45       0.70      0.68      0.69      2353
         46       0.55      0.56      0.55      2362
         47       0.55      0.45      0.49      1202
         48       0.34      0.19      0.24      1367
         49       0.54      0.45      0.49      1938
         51       0.36      0.28      0.31       283
         53       0.65      0.67      0.66       898
         54       0.48      0.44      0.45      4464
         55       0.42      0.30      0.35      1638
         56       0.70      0.63      0.67      1131
         57       0.54      0.55      0.55       940
         58       0.36      0.24      0.29      4825
         59       0.39      0.21      0.28      1979
         62       0.61      0.69      0.64      3688
         63       0.71      0.70      0.71       283
         64       0.63      0.57      0.60      1699
         67       0.65      0.66      0.65      1412
         68       0.72      0.68      0.70       253
         69       0.40      0.31      0.35       388
         70       0.68      0.61      0.64       333
         71       0.00      0.00      0.00       569
         75       0.66      0.60      0.63       978
         76       0.40      0.36      0.38       415
         77       0.52      0.46      0.49       569
         81       0.43      0.42      0.42       491
         82       0.43      0.43      0.43       616
         84       0.49      0.36      0.42       415

avg / total       0.71      0.72      0.71    671154

