             precision    recall  f1-score   support

          1       0.65      0.73      0.69       233
          2       0.80      0.63      0.70       204
          3       0.90      0.77      0.83       421
          4       0.93      0.79      0.85       265
          5       0.79      0.73      0.76       283
          6       0.84      0.72      0.78       330
          7       0.65      0.90      0.75       512
          8       0.79      0.66      0.72       128

avg / total       0.79      0.77      0.77      2376
