             precision    recall  f1-score   support

          1       0.66      0.71      0.69       233
          2       0.73      0.63      0.68       203
          3       0.88      0.76      0.82       421
          4       0.93      0.77      0.84       264
          5       0.74      0.68      0.71       283
          6       0.79      0.77      0.78       330
          7       0.65      0.88      0.75       512
          8       0.77      0.60      0.67       127

avg / total       0.77      0.75      0.75      2373
