             precision    recall  f1-score   support

          1       0.50      0.62      0.55      2130
          2       0.70      0.34      0.46       200
          3       0.56      0.77      0.65      2500
          4       0.62      0.49      0.54       598
          5       0.52      0.59      0.55      1505
          6       0.57      0.31      0.40       319
          7       0.62      0.41      0.49       328
          8       0.71      0.40      0.52       250
          9       0.57      0.29      0.39       450
         10       0.56      0.30      0.39       365
         11       0.70      0.31      0.43       405
         12       0.67      0.44      0.53       186
         13       0.60      0.32      0.42       283
         14       0.55      0.22      0.32       104
         15       0.71      0.69      0.70       191
         16       0.75      0.30      0.43       130
         17       0.70      0.33      0.45       178

avg / total       0.57      0.56      0.54     10122
