             precision    recall  f1-score   support

          1       0.65      0.79      0.71      2803
          2       0.56      0.35      0.43       315
          4       0.38      0.33      0.35       285
          6       0.49      0.45      0.47       553
          8       0.58      0.55      0.56      1847
          9       0.63      0.45      0.52       249
         12       0.44      0.19      0.27       284
         18       0.42      0.28      0.34       239

avg / total       0.58      0.60      0.58      6575
