             precision    recall  f1-score   support

          1       0.84      0.87      0.85      3465
          2       0.89      0.86      0.88       924
          3       0.78      0.68      0.73      1335
          4       0.78      0.63      0.70       576
          5       0.73      0.84      0.78      3316
          6       0.81      0.74      0.78      1148
          7       0.90      0.91      0.91      2651
          8       0.76      0.68      0.71      1287
         12       0.87      0.80      0.84       409
         13       0.84      0.54      0.66       215

avg / total       0.82      0.81      0.81     15326
