             precision    recall  f1-score   support

          1       0.63      0.78      0.70      2803
          2       0.57      0.37      0.45       315
          4       0.43      0.34      0.38       286
          6       0.51      0.44      0.47       554
          8       0.57      0.54      0.56      1847
          9       0.65      0.47      0.54       250
         12       0.40      0.18      0.25       284
         18       0.37      0.23      0.28       239

avg / total       0.58      0.59      0.57      6578
