             precision    recall  f1-score   support

          1       0.35      0.48      0.40      1007
          2       0.31      0.23      0.26       821
          3       0.37      0.45      0.41      1503
          4       0.47      0.34      0.40       664
          5       0.65      0.63      0.64      1193
          6       0.46      0.45      0.46      1072
          7       0.48      0.53      0.50      1160
          8       0.46      0.30      0.36       281
          9       0.71      0.54      0.61       506
         10       0.39      0.28      0.33       578

avg / total       0.46      0.45      0.45      8785
