             precision    recall  f1-score   support

          1       0.98      0.95      0.97       263
          2       0.98      0.99      0.99      1186
          3       0.96      0.96      0.96       517
          4       0.91      0.95      0.93        78
          5       0.97      0.96      0.97       265
          6       0.99      0.94      0.97       168
          7       0.99      0.99      0.99       182
          8       0.98      0.98      0.98       403
          9       0.97      0.98      0.97       184
         10       0.97      0.99      0.98       211
         15       0.91      0.80      0.85        54
         17       1.00      0.94      0.97        34

avg / total       0.97      0.97      0.97      3545
