             precision    recall  f1-score   support

          1       0.77      0.84      0.80     11134
          2       0.24      0.02      0.03       347
          3       0.75      0.88      0.81     18472
          4       0.89      0.90      0.90      3875
          5       0.66      0.45      0.53      2292
          6       0.79      0.89      0.83      1914
          7       0.61      0.40      0.48      2736
          8       0.74      0.71      0.72      3140
          9       0.54      0.36      0.44      3493
         10       0.67      0.35      0.46       152
         11       0.80      0.80      0.80       642
         12       0.72      0.69      0.70       340
         13       0.62      0.27      0.37      1968
         14       0.63      0.51      0.56      1019
         15       0.63      0.66      0.64       528
         16       0.75      0.70      0.72       397
         17       0.71      0.82      0.76       397
         18       0.70      0.21      0.33        98
         20       1.00      0.67      0.80        48

avg / total       0.73      0.74      0.73     52992
