             precision    recall  f1-score   support

          1       0.92      0.87      0.89       395
          2       0.99      0.99      0.99      2765
          3       0.95      0.99      0.97      2249
          4       0.99      0.99      0.99      5873
          5       0.99      1.00      0.99       216
          6       0.96      0.99      0.97      1312
          7       0.93      0.98      0.96       240
          8       0.99      1.00      0.99       684
          9       0.94      0.92      0.93       278
         10       0.66      0.37      0.48       304
         11       0.99      0.97      0.98       121
         12       0.85      0.77      0.81        98

avg / total       0.97      0.97      0.97     14535
