             precision    recall  f1-score   support

          1       0.95      0.98      0.96     15663
          2       0.99      0.99      0.99      7265
          3       0.66      0.51      0.58       447
          4       0.98      0.74      0.84       423
          5       0.78      0.64      0.70       835
          6       0.46      0.08      0.13        77
          7       0.96      0.34      0.50       134
          8       0.81      0.38      0.52        34

avg / total       0.95      0.95      0.95     24878
