             precision    recall  f1-score   support

          1       0.98      1.00      0.99       765
          2       0.98      0.99      0.99       247
          3       0.99      1.00      0.99      1282
          4       0.98      0.98      0.98       502
          5       1.00      0.99      0.99      1166
          6       0.94      0.96      0.95       198
          7       1.00      0.99      0.99        98
          8       0.93      0.82      0.87       237
          9       0.98      1.00      0.99       966
         10       0.98      0.99      0.99       181
         11       0.99      0.98      0.98       492
         12       0.97      0.98      0.97       491
         13       0.96      0.96      0.96       114
         15       0.97      0.95      0.96       118
         18       0.97      0.90      0.94        42
         22       1.00      0.92      0.96        37
         24       0.95      0.98      0.97        85

avg / total       0.98      0.98      0.98      7021
