             precision    recall  f1-score   support

          1       0.98      0.99      0.98       812
          2       0.86      0.80      0.83       596
          3       0.86      0.91      0.88       786
          4       0.77      0.59      0.67       111
          5       0.91      0.93      0.92       562
          6       0.78      0.75      0.76       102
          7       0.86      0.87      0.86       119
         10       0.76      0.91      0.83        76
         12       0.80      0.59      0.68        54

avg / total       0.89      0.89      0.89      3218
