             precision    recall  f1-score   support

          1       0.80      0.86      0.83       506
          2       0.90      0.89      0.89       446
          3       0.92      0.95      0.94       842
          4       0.87      0.93      0.90       771
          5       0.88      0.93      0.90      1133
          6       0.71      0.39      0.50       442
          7       0.84      0.87      0.85       910
          8       0.81      0.85      0.83       131
          9       0.95      0.97      0.96      1350
         10       0.93      0.96      0.95      3151
         11       0.77      0.72      0.74       196
         12       0.81      0.85      0.83       840
         13       0.91      0.89      0.90       888
         14       0.46      0.29      0.36        82
         15       0.98      0.98      0.98      1644
         16       0.89      0.88      0.88       230
         17       0.77      0.64      0.70        64
         18       0.91      0.93      0.92       588
         19       0.74      0.43      0.54        58
         20       0.86      0.90      0.88        67
         21       0.85      0.71      0.77       166
         23       0.85      0.87      0.86       119
         24       0.76      0.74      0.75       218
         25       0.95      0.91      0.93        46
         26       0.60      0.36      0.45        83
         27       0.91      0.23      0.37        43

avg / total       0.89      0.89      0.89     15014
