             precision    recall  f1-score   support

          1       0.82      0.92      0.87       784
          2       0.91      0.96      0.93      1574
          3       0.88      0.90      0.89      1258
          4       0.53      0.26      0.35       216
          5       0.95      0.88      0.91       140
          6       0.71      0.54      0.61       151
          7       0.79      0.59      0.68        37
          8       0.98      0.98      0.98       321
         10       0.90      0.65      0.76       144

avg / total       0.87      0.88      0.87      4625
