             precision    recall  f1-score   support

          1       0.78      0.89      0.83       122
          2       0.88      0.94      0.91      1128
          3       0.97      0.90      0.93       313
          4       0.88      0.89      0.89       104
          6       0.87      0.92      0.89       304
          7       0.71      0.35      0.47       201
          8       0.77      0.89      0.82       531
         10       0.64      0.38      0.47       192
         11       0.72      0.66      0.69        97
         12       0.86      0.87      0.87       101
         13       0.89      0.97      0.93       323
         15       0.97      0.98      0.97       142
         16       0.52      0.39      0.44        41
         17       0.67      0.40      0.50        40

avg / total       0.84      0.85      0.83      3639
