             precision    recall  f1-score   support

          1       0.73      0.76      0.75        50
          2       0.61      0.53      0.57       351
          3       0.63      0.69      0.66       950
          4       0.55      0.64      0.59       235
          5       0.55      0.48      0.51       197
          6       0.56      0.32      0.40        57
          7       0.92      0.70      0.80        47
          8       0.68      0.60      0.64        45
          9       0.74      0.56      0.64        87

avg / total       0.62      0.62      0.62      2019
