             precision    recall  f1-score   support

          1       0.92      0.96      0.94      1048
          2       0.72      0.66      0.69        32
          3       0.90      0.78      0.84       241
          4       0.93      0.77      0.85        53
          5       0.99      0.97      0.98       289
          6       0.88      0.64      0.74        22
          7       1.00      1.00      1.00       214
          8       0.97      0.98      0.97      1347

avg / total       0.95      0.95      0.95      3246
