             precision    recall  f1-score   support

          1       0.91      0.94      0.93     10746
          2       0.98      0.96      0.97     10382
          3       0.81      0.82      0.81      2410
          4       0.95      0.92      0.93      5750
          5       0.97      0.70      0.82        54
          6       0.93      0.91      0.92       283
          7       0.95      0.88      0.91       147
          8       0.90      0.79      0.84       189

avg / total       0.93      0.93      0.93     29961
