             precision    recall  f1-score   support

          1       0.91      0.85      0.88       561
          2       0.84      0.89      0.86      2396
          3       0.87      0.91      0.89      1746
          4       0.90      0.94      0.92      3443
          5       0.61      0.40      0.48      1614
          6       0.95      0.97      0.96       416
          7       0.76      0.86      0.81       237
          8       0.86      0.93      0.89      1380
          9       0.85      0.92      0.88      1239
         10       0.83      0.80      0.81       631

avg / total       0.84      0.85      0.84     13663
