             precision    recall  f1-score   support

          1       0.90      0.85      0.88       561
          2       0.86      0.89      0.87      2397
          3       0.89      0.89      0.89      1746
          4       0.89      0.93      0.91      3443
          5       0.62      0.43      0.51      1614
          6       0.95      0.96      0.96       417
          7       0.81      0.92      0.86       237
          8       0.88      0.93      0.90      1380
          9       0.84      0.92      0.88      1239
         10       0.82      0.82      0.82       631

avg / total       0.84      0.85      0.84     13665
