             precision    recall  f1-score   support

          1       0.87      0.84      0.86       132
          2       0.86      0.88      0.87       260
          3       0.67      0.80      0.73        44
          4       0.82      0.88      0.85       216
          5       0.67      0.60      0.63        10
          6       0.00      0.00      0.00         2
          7       0.00      0.00      0.00         1
          9       0.61      0.58      0.59       184
         10       0.48      0.43      0.46       118

avg / total       0.75      0.75      0.75       967
