             precision    recall  f1-score   support

          1       0.78      0.85      0.81      2001
          2       0.94      0.98      0.96      4801
          3       0.83      0.85      0.84       427
          4       0.82      0.81      0.81       501
          5       0.62      0.62      0.62       394
          6       0.74      0.59      0.66       285
          7       0.75      0.47      0.58       603
          8       0.60      0.33      0.42       282
          9       0.74      0.83      0.78       435
         10       0.68      0.53      0.60        43

avg / total       0.85      0.85      0.85      9772
