             precision    recall  f1-score   support

          2       0.94      0.97      0.96       264
          4       0.99      0.95      0.97       151
          7       0.89      0.91      0.90        56
          8       1.00      0.92      0.96        52
         10       0.92      0.96      0.94        72
         11       0.78      0.81      0.80        70
         14       1.00      0.94      0.97        48
         15       0.84      0.77      0.80        47

avg / total       0.93      0.93      0.93       760
