             precision    recall  f1-score   support

          1       0.98      0.99      0.98      2729
          2       0.98      0.99      0.98       697
          3       0.98      0.97      0.98      1119
          4       0.89      0.89      0.89       347
          5       0.91      0.94      0.93       541
          6       0.93      0.84      0.88       225
          7       0.80      0.72      0.76       350
          8       0.98      1.00      0.99       173

avg / total       0.95      0.96      0.95      6181
