             precision    recall  f1-score   support

          1       0.99      0.99      0.99       687
          2       0.91      0.95      0.93      2436
          3       0.89      0.79      0.84       447
          4       0.96      0.92      0.94       733
          5       0.84      0.84      0.84       258
          6       0.85      0.83      0.84       561
          7       0.94      0.80      0.87        97
          8       0.76      0.73      0.74       122

avg / total       0.91      0.91      0.91      5341
