             precision    recall  f1-score   support

          1       0.97      0.98      0.98       446
          2       0.97      0.95      0.96       383
          3       0.97      0.99      0.98      3398
          4       0.99      0.99      0.99       214
          5       1.00      1.00      1.00       749
          6       1.00      1.00      1.00       475
          7       0.97      0.98      0.98       208
          8       0.60      0.27      0.37       143

avg / total       0.97      0.97      0.97      6016
