             precision    recall  f1-score   support

          1       0.99      0.99      0.99      2193
          2       0.90      0.82      0.86       321
          3       0.87      0.91      0.89      2645
          4       0.83      0.86      0.84      1398
          5       0.92      0.94      0.93        50
          6       0.94      0.93      0.93       759
          7       0.79      0.62      0.69       757
          8       0.85      0.95      0.90       185
          9       0.86      0.81      0.83        88
         10       0.92      0.96      0.94       822
         11       0.97      0.97      0.97       582
         12       0.96      0.94      0.95       474
         13       0.96      0.94      0.95        49

avg / total       0.91      0.91      0.90     10323
