             precision    recall  f1-score   support

          1       0.94      0.95      0.94       616
          2       0.93      0.96      0.94      1240
          3       0.98      0.98      0.98       446
          4       0.98      0.99      0.99       852
          5       0.95      0.96      0.96       813
          6       0.98      0.98      0.98       511
          7       0.55      0.10      0.16        62
          8       0.90      0.80      0.85        70

avg / total       0.95      0.95      0.95      4610
