             precision    recall  f1-score   support

          1       0.90      0.88      0.89       395
          2       0.99      0.99      0.99      2764
          3       0.96      0.99      0.98      2248
          4       0.99      0.99      0.99      5872
          5       0.97      0.98      0.98       215
          6       0.97      0.98      0.98      1311
          7       0.93      1.00      0.96       240
          8       0.99      1.00      1.00       684
          9       0.93      0.97      0.95       278
         10       0.71      0.42      0.53       304
         11       0.99      0.98      0.99       121
         12       0.87      0.82      0.85        97

avg / total       0.97      0.98      0.97     14529
