             precision    recall  f1-score   support

          1       0.96      0.97      0.96     19069
          2       0.95      0.92      0.94      8977
          3       0.96      0.93      0.94      1147
          4       0.97      0.98      0.97      4522
          5       0.94      0.94      0.94      7769
          6       0.92      0.97      0.94      5591
          7       0.92      0.93      0.93      3801
          8       0.97      0.96      0.96      8938
          9       0.93      0.96      0.94     11752
         10       0.95      0.94      0.94      5331
         11       0.98      0.98      0.98      1275
         12       0.91      0.85      0.88      3199
         13       0.90      0.89      0.90       694
         14       0.71      0.38      0.49       501
         15       0.92      0.84      0.88       300
         16       0.89      0.86      0.88       427

avg / total       0.94      0.94      0.94     83293
