             precision    recall  f1-score   support

          1       0.90      0.95      0.92        63
          2       0.86      0.89      0.88        55
          3       0.21      0.30      0.25        10
          4       0.71      0.77      0.74        13
          5       0.86      0.86      0.86        14
          6       0.83      0.42      0.56        12
          7       0.86      0.50      0.63        12
          8       0.57      0.57      0.57         7

avg / total       0.81      0.80      0.80       186
