             precision    recall  f1-score   support

          1       0.91      0.92      0.92      1601
          2       0.97      0.95      0.96       201
          3       0.98      0.98      0.98      3291
          4       0.96      0.98      0.97      3583
          5       0.87      0.90      0.89       201
          6       0.93      0.94      0.93       787
          7       0.95      0.92      0.93       357
          9       0.97      0.98      0.98      1087
         11       0.79      0.66      0.72        93
         12       0.83      0.68      0.75       132
         13       0.94      0.97      0.95       555
         15       0.84      0.91      0.87       400
         16       0.64      0.24      0.35        38
         17       0.88      0.87      0.88       219
         18       0.86      0.91      0.89        47
         20       0.71      0.19      0.30        89
         22       0.93      0.81      0.87        84

avg / total       0.95      0.95      0.95     12765
