             precision    recall  f1-score   support

          2       0.65      0.65      0.65       113
          3       0.68      0.65      0.66       471
          4       0.96      0.94      0.95       130
          5       0.62      0.63      0.62        59
          6       0.67      0.81      0.73        77
          7       0.89      0.89      0.89        96
          8       0.74      0.70      0.72        81
          9       0.63      0.64      0.63        80
         13       0.70      0.86      0.77        35

avg / total       0.72      0.72      0.72      1142
