             precision    recall  f1-score   support

          1       0.92      0.97      0.94       364
          2       0.91      0.92      0.92       214
          4       0.80      0.75      0.78       145
          5       0.86      0.90      0.88       289
          6       0.98      0.85      0.91        99
          7       0.93      0.90      0.91        48
          9       0.88      0.91      0.90        76
         11       0.61      0.54      0.58        35
         13       0.90      0.84      0.87        63
         15       0.97      0.92      0.94        37

avg / total       0.89      0.89      0.89      1370
