             precision    recall  f1-score   support

          1       0.66      0.84      0.74      6324
          2       0.82      0.82      0.82      2980
          3       0.63      0.57      0.60       294
          4       0.77      0.79      0.78      2899
          5       0.74      0.77      0.76      2819
          6       0.82      0.86      0.84      1092
          7       0.91      0.71      0.80        86
          8       0.45      0.44      0.45      2042
          9       0.90      0.90      0.90      1104
         10       0.49      0.44      0.46       271
         11       0.55      0.29      0.38      1509
         12       0.38      0.19      0.26      1465
         13       0.50      0.43      0.46      1670
         14       0.73      0.69      0.71       161
         15       0.84      0.83      0.83       696
         16       0.69      0.36      0.48       119
         17       0.57      0.18      0.27        45

avg / total       0.67      0.69      0.67     25576
