             precision    recall  f1-score   support

          1       0.93      0.94      0.94       795
          2       0.97      0.97      0.97       602
          4       0.97      0.91      0.94        75
          5       0.94      0.96      0.95       932
          6       0.95      0.87      0.91       101
          7       0.78      0.87      0.82       407
          8       0.85      0.77      0.81        44
          9       0.88      0.91      0.89       276
         10       0.88      0.89      0.89        95
         11       0.92      0.95      0.94       107
         12       0.95      0.93      0.94       174
         13       0.88      0.78      0.83        87
         14       0.82      0.87      0.85        38
         15       0.45      0.21      0.29       107

avg / total       0.90      0.91      0.90      3840
