             precision    recall  f1-score   support

          1       0.67      0.51      0.58       116
          2       0.91      0.99      0.94       765
          3       0.63      0.46      0.53       451
          4       0.87      0.94      0.90       837
          5       0.92      0.88      0.90       436
          6       0.88      0.94      0.91       634
          7       0.91      0.89      0.90       672
          8       0.96      0.92      0.94       154
          9       0.92      0.91      0.91       162
         10       0.72      0.60      0.66        68
         11       0.75      0.84      0.79       161
         12       0.88      0.83      0.85       139
         17       0.63      0.74      0.68        54

avg / total       0.86      0.86      0.86      4649
