             precision    recall  f1-score   support

          1       1.00      0.99      0.99      1338
          2       0.95      0.98      0.96       320
          3       0.98      0.99      0.99      1097
          4       0.93      0.95      0.94       820
          5       0.89      0.92      0.91       461
          6       0.93      0.89      0.91       170
          7       0.97      0.69      0.81        42
          8       0.92      0.97      0.95        75
         10       0.97      0.80      0.88        45
         11       0.91      0.88      0.89       106
         13       0.77      0.63      0.70        63
         17       0.84      0.57      0.68        37
         18       0.95      0.96      0.95        92

avg / total       0.96      0.96      0.96      4666
