             precision    recall  f1-score   support

          1       0.73      0.78      0.75      3048
          2       0.64      0.50      0.56      2802
          3       0.84      0.90      0.87      7132
          4       0.86      0.77      0.81       115
          5       0.80      0.73      0.76        91
          6       0.91      0.89      0.90       417
          7       0.86      0.66      0.75       208
          9       0.92      0.85      0.88        67
         12       0.97      0.90      0.93        39

avg / total       0.78      0.79      0.78     13919
