             precision    recall  f1-score   support

          1       0.86      0.93      0.90      1627
          2       0.87      0.90      0.89       785
          3       0.91      0.87      0.89       322
          4       0.93      0.91      0.92       754
          5       0.88      0.84      0.86       472
          6       0.87      0.80      0.84       310
          7       0.86      0.85      0.85       256
          8       0.78      0.60      0.68        42
          9       0.94      0.78      0.85       210
         10       0.76      0.65      0.70        43
         11       0.84      0.47      0.61        57

avg / total       0.88      0.88      0.88      4878
