             precision    recall  f1-score   support

          1       0.94      0.97      0.95      1413
          2       0.91      0.96      0.93       504
          3       0.81      0.68      0.74        79
          4       0.67      0.75      0.71        55
          5       0.83      0.76      0.80       110
          6       0.92      0.89      0.90       490
          7       0.96      0.95      0.96       217
          8       0.83      0.90      0.86       234
          9       0.92      0.83      0.87       177
         10       0.90      0.93      0.92       240
         11       1.00      0.84      0.91        49
         12       0.84      0.91      0.87       109
         13       0.81      0.86      0.84       133
         14       0.82      0.70      0.75        70
         15       0.90      0.92      0.91        50
         16       0.83      0.79      0.81       131
         17       0.67      0.38      0.49       108

avg / total       0.90      0.90      0.90      4169
