             precision    recall  f1-score   support

          1       0.96      0.98      0.97       446
          2       0.99      0.93      0.96       383
          3       0.96      1.00      0.98      3397
          4       0.99      1.00      0.99       214
          5       1.00      1.00      1.00       748
          6       1.00      1.00      1.00       475
          7       0.97      0.99      0.98       208
          8       0.63      0.15      0.25       143

avg / total       0.96      0.97      0.96      6014
