             precision    recall  f1-score   support

          1       0.98      0.99      0.99      5128
          2       0.96      0.98      0.97      1912
          3       0.86      0.90      0.88       108
          4       0.94      0.86      0.90       271
          5       0.98      0.90      0.94       176
          7       0.97      0.95      0.96        40
          8       0.91      0.89      0.90       213
         10       0.99      0.73      0.84       129
         11       0.17      0.05      0.08        41

avg / total       0.97      0.97      0.97      8018
