             precision    recall  f1-score   support

          1       0.94      0.98      0.96       541
          2       0.95      0.96      0.96       482
          3       0.91      0.96      0.94       295
          4       0.77      0.58      0.66       155
          5       0.89      0.87      0.88       212
          7       0.91      0.92      0.92       253
          8       0.87      0.86      0.87        96
          9       0.98      0.98      0.98        59
         10       0.75      0.67      0.71        60

avg / total       0.91      0.91      0.91      2153
