             precision    recall  f1-score   support

          1       0.97      0.98      0.98      3805
          2       0.98      0.97      0.97      1829
          3       0.98      0.99      0.99      5314
          4       0.97      0.97      0.97      2350
          5       0.91      0.89      0.90       605
          6       0.70      0.71      0.70       142
          7       0.76      0.72      0.74       185
          8       0.87      0.87      0.87       456
          9       0.84      0.84      0.84       170
         10       0.87      0.66      0.75        61

avg / total       0.96      0.96      0.96     14917
