             precision    recall  f1-score   support

          1       0.91      0.92      0.91       240
          2       0.96      0.99      0.97       996
          3       0.88      0.83      0.86        36
          4       0.90      0.69      0.78        78
          5       0.97      0.97      0.97        40
          8       0.99      0.92      0.95        85
         10       0.86      0.80      0.83        40
         12       0.84      0.77      0.80        79

avg / total       0.94      0.94      0.94      1594
