             precision    recall  f1-score   support

          1       0.93      0.97      0.95       956
          2       0.97      0.98      0.98       395
          3       0.97      0.97      0.97       679
          4       0.97      0.98      0.98       439
          5       0.86      0.86      0.86       246
          6       0.93      0.98      0.96       515
          7       0.94      0.83      0.88       165
          8       0.42      0.12      0.19        83

avg / total       0.93      0.94      0.93      3478
