             precision    recall  f1-score   support

          1       0.77      0.79      0.78       327
          2       0.58      0.25      0.35        84
          3       0.75      0.74      0.75       683
          4       0.74      0.84      0.79       727
          5       0.81      0.69      0.74       127
          6       0.83      0.79      0.81       119
          7       0.79      0.72      0.75       248
          8       0.82      0.81      0.82        58

avg / total       0.76      0.76      0.76      2373
