             precision    recall  f1-score   support

          1       0.95      0.96      0.95      7955
          2       0.98      0.98      0.98      9297
          3       0.96      0.99      0.97       936
          4       0.91      0.89      0.90      1890
          5       0.83      0.80      0.82      1393
          6       0.94      0.99      0.96       181
          7       0.92      0.95      0.93      1496
          8       0.91      0.95      0.93      1224
          9       0.94      0.94      0.94      1790
         10       0.98      0.98      0.98      3746
         11       0.86      0.89      0.88      1868
         12       0.85      0.62      0.72      1065
         13       0.89      0.91      0.90      2015
         14       1.00      0.98      0.99       195
         15       0.90      0.88      0.89       862
         16       0.97      0.89      0.93       259
         17       0.98      0.99      0.98       821

avg / total       0.94      0.94      0.94     36993
