             precision    recall  f1-score   support

          1       0.80      0.92      0.85      3688
          2       0.92      0.95      0.94      7479
          3       0.98      0.98      0.98     19436
          4       0.87      0.79      0.83      3817
          5       0.83      0.79      0.81      2304
          6       0.87      0.85      0.86       622
          7       0.76      0.52      0.62       903
          8       0.89      0.87      0.88       515
          9       0.87      0.89      0.88      1011
         10       0.91      0.87      0.89       378
         11       0.75      0.79      0.77       151
         12       0.93      0.94      0.93       773
         13       0.82      0.79      0.81        97
         14       0.84      0.83      0.83       771
         15       0.91      0.86      0.88       428
         16       0.77      0.77      0.77       546
         17       0.91      0.96      0.94       129
         18       0.89      0.88      0.89       747
         19       0.94      0.96      0.95       306
         20       0.00      0.00      0.00        37
         22       0.82      0.75      0.78       212
         23       0.82      0.75      0.78        84
         25       0.87      0.85      0.86        93
         27       0.73      0.61      0.67        54
         28       0.74      0.65      0.69        43
         29       0.65      0.75      0.70        52
         30       0.76      0.70      0.73        54
         32       0.79      0.88      0.83        97
         35       0.90      0.69      0.78        51

avg / total       0.91      0.92      0.91     44878
