             precision    recall  f1-score   support

          1       0.97      0.97      0.97       392
          2       0.89      0.92      0.90       759
          3       0.70      0.93      0.80        55
          4       0.84      0.90      0.87       166
          6       0.46      0.41      0.43       137
          7       0.90      0.75      0.82       183
          8       0.95      0.80      0.87        46
          9       0.89      0.95      0.92        75
         10       1.00      0.90      0.95        59

avg / total       0.87      0.87      0.87      1872
