             precision    recall  f1-score   support

          1       0.80      0.82      0.81      7108
          2       0.99      0.99      0.99     16276
          3       0.99      0.99      0.99     43500
          4       0.92      0.93      0.93      2618
          5       0.78      0.76      0.77      5486
          6       0.94      0.95      0.95      5027
          7       0.97      0.98      0.98      4967
          8       0.95      0.95      0.95      2581
          9       0.96      0.98      0.97      7771
         10       0.97      0.95      0.96      1452
         11       0.87      0.89      0.88      4708
         12       0.97      0.95      0.96      2239
         13       0.89      0.88      0.89      2271
         14       0.90      0.88      0.89      2328
         15       0.93      0.84      0.88       872
         16       0.98      0.99      0.98      3467
         17       0.98      0.99      0.98      1487
         18       0.91      0.90      0.91       602
         19       0.97      0.98      0.98       847
         20       0.91      0.95      0.93       329
         21       0.86      0.79      0.82       560
         22       0.89      0.66      0.76       249
         23       0.96      0.95      0.96       729
         24       0.89      0.91      0.90       480
         25       0.50      0.08      0.13        77

avg / total       0.95      0.95      0.95    118031
