             precision    recall  f1-score   support

          1       0.81      0.85      0.83      2358
          2       0.73      0.64      0.68       510
          3       0.82      0.91      0.86      3062
          4       0.81      0.81      0.81      2660
          5       0.76      0.67      0.71      3638
          6       0.87      0.90      0.89      1701
          7       0.98      0.85      0.91       281
          9       0.98      0.76      0.86        55
         10       0.96      0.90      0.93        59
         11       0.80      0.92      0.86       144
         12       0.94      0.92      0.93       236

avg / total       0.81      0.81      0.81     14704
