             precision    recall  f1-score   support

          1       0.83      0.87      0.85       121
          2       0.87      0.96      0.91      1127
          3       0.96      0.94      0.95       312
          4       0.87      0.89      0.88       103
          6       0.87      0.90      0.89       303
          7       0.72      0.33      0.45       200
          8       0.77      0.87      0.82       530
         10       0.62      0.39      0.48       191
         11       0.75      0.63      0.69        97
         12       0.80      0.87      0.83       100
         13       0.90      0.94      0.92       322
         15       0.91      0.94      0.93       141
         16       0.50      0.33      0.39        40
         17       0.64      0.35      0.45        40

avg / total       0.83      0.84      0.83      3627
