             precision    recall  f1-score   support

          2       0.98      0.99      0.99       288
          3       0.97      0.80      0.88        40
          6       0.97      1.00      0.99       138
          7       0.84      0.91      0.87        34
          8       0.99      0.98      0.99       181
         10       0.91      0.92      0.91        75
         11       0.95      0.93      0.94        42
         13       1.00      0.95      0.98        43

avg / total       0.97      0.97      0.97       841
