             precision    recall  f1-score   support

          1       0.75      0.50      0.60       393
          2       0.94      0.97      0.95      3974
          3       0.97      0.97      0.97       858
          4       0.93      0.93      0.93       338
          5       0.90      0.96      0.93        48
          6       0.77      0.59      0.67        41
          7       0.95      0.99      0.97       572
         10       0.93      0.93      0.93        88

avg / total       0.93      0.93      0.93      6312
