             precision    recall  f1-score   support

          1       0.85      0.90      0.87       195
          2       0.96      0.98      0.97       239
          3       0.90      0.82      0.86        87
          4       0.84      0.85      0.84        73
          5       0.91      0.93      0.92       518
          6       0.91      0.75      0.82       104
          7       0.99      0.88      0.93        78
          9       0.88      0.91      0.90        47

avg / total       0.91      0.91      0.91      1341
