             precision    recall  f1-score   support

          1       0.90      0.94      0.92     21802
          2       0.88      0.80      0.84      1550
          3       0.95      0.90      0.92      5689
          4       0.84      0.87      0.85     30899
          5       0.87      0.85      0.86     16876
          6       0.93      0.97      0.95     33079
          7       0.91      0.92      0.91     13412
          8       0.95      0.95      0.95     16456
          9       0.76      0.78      0.77       693
         10       0.80      0.81      0.80     18196
         11       0.60      0.42      0.49      8549
         12       0.92      0.87      0.89      4248
         13       0.79      0.77      0.78      2383
         14       0.98      0.59      0.74        69
         15       0.90      0.87      0.89       140

avg / total       0.87      0.88      0.87    174041
