             precision    recall  f1-score   support

          1       0.67      0.71      0.69      3878
          2       0.92      0.93      0.92      3216
          3       0.80      0.75      0.77      2792
          4       0.86      0.89      0.87     14325
          5       0.86      0.94      0.90     17342
          6       0.79      0.74      0.76      3880
          7       0.92      0.85      0.88     10566
          8       0.90      0.92      0.91      8010
          9       0.83      0.86      0.85      9194
         10       0.97      0.98      0.98      3899
         11       0.71      0.64      0.67      1390
         12       0.71      0.69      0.70      3443
         13       0.90      0.94      0.92      2793
         14       0.96      0.96      0.96      4649
         15       0.76      0.53      0.62      4121
         16       0.77      0.76      0.77       886
         17       0.90      0.77      0.83       251
         18       0.91      0.88      0.89       368
         19       0.72      0.66      0.69       107
         20       0.76      0.79      0.77      1839
         21       0.70      0.63      0.66       818

avg / total       0.85      0.85      0.85     97767
