             precision    recall  f1-score   support

          1       0.86      0.89      0.87      3448
          2       0.62      0.51      0.56      4786
          3       0.80      0.86      0.82      8173
          4       0.92      0.93      0.92      1705
          5       0.82      0.89      0.85      5728
          6       0.91      0.83      0.87      1943
          7       0.82      0.86      0.84      1757
          8       0.87      0.92      0.89      1958
          9       0.82      0.86      0.84       661
         10       0.87      0.86      0.87       359
         11       0.69      0.61      0.65      3470
         12       0.72      0.45      0.55       109
         13       0.69      0.62      0.65       150
         14       0.75      0.79      0.77       498
         15       0.85      0.83      0.84        90
         16       0.71      0.60      0.65        62
         17       0.54      0.63      0.58        59
         18       0.63      0.63      0.63        38

avg / total       0.79      0.79      0.79     34994
