             precision    recall  f1-score   support

          1       0.81      0.68      0.74        19
          2       0.75      0.75      0.75        64
          3       0.98      0.96      0.97       191
          4       0.92      0.79      0.85        14
          5       0.92      0.95      0.93       127
          6       0.96      0.96      0.96       193
          7       0.93      1.00      0.96        27
          8       0.54      0.72      0.62        18
          9       0.60      0.29      0.39        21
         10       0.43      0.15      0.22        20
         11       0.93      0.73      0.82        37
         12       0.96      0.96      0.96        52
         13       0.60      0.35      0.44        17
         14       0.60      0.25      0.35        12
         15       0.99      1.00      0.99       834
         16       0.99      0.99      0.99       917
         17       0.94      0.98      0.96       401
         18       0.99      1.00      0.99      1725

avg / total       0.97      0.97      0.97      4689
