             precision    recall  f1-score   support

          1       0.43      0.26      0.32      1908
          2       0.47      0.16      0.24      1008
          3       0.96      0.96      0.96       812
          4       0.40      0.16      0.23       467
          5       0.62      0.35      0.44        52
          6       0.44      0.17      0.25       814
          7       0.62      0.76      0.68        17
          8       0.45      0.34      0.39       235
          9       0.36      0.62      0.45       247
         10       0.49      0.30      0.37       292
         11       0.47      0.48      0.48       270
         12       0.48      0.25      0.33       744
         13       0.36      0.53      0.43       669
         14       0.50      0.27      0.35       242
         15       0.42      0.20      0.27       206
         16       0.50      0.48      0.49       202
         17       0.34      0.61      0.44       399
         18       0.40      0.78      0.53       729
         19       0.49      0.34      0.40       544
         20       0.48      0.47      0.48       445
         21       0.48      0.41      0.44       181
         22       0.49      0.58      0.54      1795
         23       0.45      0.70      0.54      2270
         24       0.50      0.53      0.51       383

avg / total       0.48      0.47      0.45     14931
