             precision    recall  f1-score   support

          1       0.96      0.97      0.96       732
          2       0.87      0.86      0.86      1748
          3       0.85      0.89      0.87       724
          4       0.80      0.87      0.83      2836
          5       0.66      0.47      0.55      1534
          6       0.83      0.90      0.86      1692
          7       0.90      0.91      0.90       621
          8       0.77      0.64      0.70       116
         10       0.93      0.96      0.95       352
         11       0.98      1.00      0.99        59
         13       0.88      0.73      0.80        51

avg / total       0.82      0.83      0.82     10465
