             precision    recall  f1-score   support

          1       0.99      1.00      0.99      9844
          2       0.96      0.92      0.94       486
          3       0.88      0.89      0.88       160
          4       0.80      0.70      0.74       128
          5       1.00      0.97      0.98        88
          6       1.00      0.88      0.94       186
          7       1.00      0.99      0.99        99
         11       0.93      0.78      0.85        65

avg / total       0.99      0.99      0.99     11056
