             precision    recall  f1-score   support

          1       0.88      0.92      0.90      2716
          2       0.98      0.98      0.98      2311
          3       0.94      0.91      0.93       685
          4       0.90      0.92      0.91      1197
          5       0.89      0.82      0.85       672
          6       0.84      0.78      0.81       121
          7       0.87      0.73      0.79       105
          8       0.43      0.29      0.35        69
         10       0.95      0.73      0.82        55
         11       1.00      0.87      0.93        54
         12       0.86      0.78      0.82        73
         13       1.00      0.89      0.94        45

avg / total       0.92      0.92      0.92      8103
