             precision    recall  f1-score   support

          1       0.92      0.53      0.67       212
          2       0.95      0.36      0.52       105
          3       0.98      0.49      0.66        87
          4       0.90      0.32      0.47        56
          5       0.77      0.15      0.26       220
          6       0.75      0.25      0.38        12
          7       0.93      0.65      0.77      1028
          8       0.94      1.00      0.97     12546
          9       0.96      0.96      0.96       792

avg / total       0.94      0.94      0.93     15058
