             precision    recall  f1-score   support

          1       0.80      0.82      0.81       390
          2       0.73      0.76      0.75       576
          3       0.83      0.84      0.83        63
          4       0.68      0.62      0.65        88
          5       0.77      0.62      0.68       146
          7       0.71      0.74      0.72        99
          8       0.98      0.96      0.97        49
          9       0.59      0.50      0.54        38

avg / total       0.76      0.76      0.76      1449
