             precision    recall  f1-score   support

          1       0.99      0.99      0.99      2769
          2       0.94      0.94      0.94      4728
          3       0.86      0.75      0.80       300
          4       0.93      0.95      0.94      6191
          5       0.99      1.00      0.99      4143
          6       0.98      0.98      0.98      3289
          7       0.78      0.73      0.76      1933
          8       0.96      0.98      0.97      3199
          9       0.92      0.90      0.91      1248
         10       0.88      0.93      0.90       693
         11       0.92      0.92      0.92      1668
         12       0.91      0.87      0.89       394
         13       0.92      0.95      0.93       121
         14       0.92      0.80      0.85       196
         15       0.98      0.98      0.98       376
         17       0.89      0.79      0.84        42
         18       0.88      0.84      0.86       288
         19       0.82      0.89      0.85        35

avg / total       0.94      0.94      0.94     31613
