             precision    recall  f1-score   support

          1       0.73      0.68      0.70       626
          2       0.96      0.97      0.97      1005
          3       0.95      0.98      0.96      1037
          4       0.98      0.79      0.88        58
          5       0.78      0.83      0.80       550
          6       0.74      0.79      0.76       109
          7       0.59      0.44      0.51        50
          8       0.69      0.63      0.66       136

avg / total       0.87      0.87      0.87      3571
