             precision    recall  f1-score   support

          1       0.89      0.98      0.94        52
          2       0.99      0.97      0.98       373
          3       0.90      0.96      0.93       435
          5       0.94      0.96      0.95       140
          6       0.96      0.96      0.96       340
          7       0.90      0.91      0.91       173
          8       0.85      0.81      0.83       164
          9       0.89      0.81      0.85       147
         10       0.90      0.67      0.77        55
         12       0.86      0.85      0.85        52

avg / total       0.92      0.92      0.92      1931
