             precision    recall  f1-score   support

          1       0.75      0.75      0.75      1144
          2       0.99      0.96      0.98       709
          3       0.93      0.83      0.88        52
          4       0.80      0.88      0.84       803
          5       0.82      0.86      0.84       436
          6       0.88      0.95      0.91       297
          7       0.48      0.29      0.36       189
          8       0.91      0.79      0.85        94
         10       0.93      0.67      0.78        42

avg / total       0.82      0.82      0.82      3766
