             precision    recall  f1-score   support

          1       0.93      0.96      0.95      2428
          2       0.87      0.91      0.89       964
          3       0.90      0.92      0.91      1594
          4       0.90      0.92      0.91       415
          5       0.77      0.63      0.69       551
          6       0.81      0.80      0.81       264
          7       0.92      0.93      0.92      1024
          8       0.94      0.97      0.96      1324
          9       0.57      0.38      0.45       220
         10       0.75      0.66      0.70       412
         12       0.79      0.85      0.82       170

avg / total       0.89      0.89      0.89      9366
