             precision    recall  f1-score   support

          1       0.99      0.99      0.99      3746
          2       0.97      0.97      0.97       232
          3       0.97      0.91      0.94       302
          4       0.98      0.98      0.98      1945
          5       0.99      0.99      0.99       106
          6       0.97      0.99      0.98        84
          7       0.94      0.94      0.94       147
          8       0.97      0.97      0.97      1292
          9       1.00      0.97      0.99       116
         10       0.86      0.99      0.92       461
         11       1.00      1.00      1.00       145
         12       0.82      0.55      0.66        42
         13       0.90      0.53      0.66       116
         17       0.83      0.99      0.90        72
         19       0.97      0.97      0.97        36
         24       0.98      0.95      0.96        43

avg / total       0.97      0.97      0.97      8885
