             precision    recall  f1-score   support

          1       0.70      0.54      0.61       393
          2       0.94      0.96      0.95      3974
          3       0.96      0.95      0.95       858
          4       0.92      0.91      0.92       338
          5       0.94      0.98      0.96        48
          6       0.65      0.73      0.69        41
          7       0.97      0.98      0.98       572
         10       0.93      0.89      0.91        88

avg / total       0.93      0.93      0.93      6312
