             precision    recall  f1-score   support

          1       0.95      0.97      0.96      1047
          2       0.85      0.84      0.84       376
          3       0.96      0.94      0.95       103
          4       0.81      0.79      0.80       112
          5       0.97      0.89      0.93       175
          6       0.87      0.90      0.88        67
          7       0.89      0.88      0.88       117
          8       0.96      0.88      0.92        50
         10       0.89      0.89      0.89        37

avg / total       0.92      0.92      0.92      2084
