             precision    recall  f1-score   support

          1       0.84      0.94      0.89      2030
          2       0.69      0.70      0.69       726
          3       0.81      0.73      0.77      3099
          4       0.88      0.92      0.90       830
          5       0.95      0.96      0.96      3809
          6       0.94      0.72      0.82       637
          7       0.94      0.84      0.89        76
          8       0.81      0.68      0.74        82
          9       0.59      0.46      0.52       354
         10       0.89      0.90      0.90       469
         11       0.73      0.70      0.71      1021
         12       0.72      0.80      0.76      3178
         13       0.76      0.67      0.71       253
         14       0.72      0.78      0.75        46
         15       0.72      0.44      0.55       104
         16       0.84      0.92      0.88      1449
         17       0.81      0.76      0.79      1080
         18       0.85      0.87      0.86      1873
         19       0.64      0.63      0.64       390
         20       0.63      0.65      0.64       979
         21       0.76      0.79      0.78      1262
         23       0.78      0.83      0.80       986
         24       0.67      0.57      0.62       241
         26       0.85      0.85      0.85       291
         27       0.64      0.37      0.47       171
         29       0.72      0.53      0.61        64
         30       0.65      0.51      0.57        92
         31       0.72      0.59      0.65       177
         32       0.76      0.70      0.73        76
         33       0.86      0.79      0.82       167
         34       0.70      0.40      0.51       138
         35       0.79      0.79      0.79        63
         38       0.50      0.28      0.36        47

avg / total       0.81      0.81      0.80     26260
