             precision    recall  f1-score   support

          1       1.00      1.00      1.00      1977
          2       1.00      1.00      1.00        38
          3       0.63      0.61      0.62        62
          4       0.94      0.93      0.94       195
          5       0.86      0.96      0.91       230
          6       0.75      0.78      0.76        99
          8       0.96      0.94      0.95        52
          9       0.62      0.23      0.33        44
         10       0.94      0.89      0.91        36

avg / total       0.96      0.96      0.96      2733
