             precision    recall  f1-score   support

          1       0.96      0.97      0.96       542
          2       0.89      0.94      0.91        34
          3       0.79      0.82      0.81        79
          4       0.82      0.84      0.83        44
          8       0.99      0.93      0.96       107
         15       0.94      0.86      0.90        35
         16       0.97      0.88      0.92        72
         17       0.86      0.97      0.91        37
         20       0.74      0.69      0.71        36

avg / total       0.93      0.93      0.93       986
