             precision    recall  f1-score   support

          1       0.64      0.58      0.61        59
          2       0.96      0.97      0.96      8119
          3       0.76      0.78      0.77       224
          4       0.96      0.97      0.97      2606
          5       0.69      0.80      0.74       818
          6       0.90      0.94      0.92      3198
          7       0.94      0.95      0.94      1005
          8       0.66      0.53      0.59       327
          9       0.76      0.63      0.69      1548
         10       0.83      0.49      0.61       103
         11       0.91      0.91      0.91       191
         12       0.96      0.96      0.96       256
         14       0.62      0.33      0.43        40

avg / total       0.91      0.91      0.91     18494
