             precision    recall  f1-score   support

          1       0.33      0.13      0.18       371
          2       0.62      0.65      0.64      1234
          3       0.61      0.71      0.66       405
          4       0.93      0.83      0.88       150
          5       0.81      0.64      0.72       208
          6       0.56      0.58      0.57       845
          7       0.62      0.73      0.67       915
          8       0.67      0.81      0.73       128
          9       0.65      0.36      0.46        61
         10       0.32      0.15      0.20        61

avg / total       0.60      0.61      0.60      4378
