             precision    recall  f1-score   support

          1       0.77      0.85      0.81      2758
          2       0.71      0.75      0.73       601
          3       0.70      0.63      0.66       219
          4       0.71      0.64      0.67       605
          5       0.64      0.50      0.56       213
          6       0.58      0.17      0.27        81
          7       0.72      0.65      0.68        94
          8       0.42      0.12      0.18       152
          9       0.73      0.55      0.62        64

avg / total       0.73      0.74      0.73      4787
