             precision    recall  f1-score   support

          1       0.98      0.98      0.98       896
          3       0.79      0.92      0.85       326
          4       0.74      0.62      0.67       190
          5       0.99      0.99      0.99       706
          6       0.98      0.97      0.98       104
          7       0.86      0.74      0.80        87
          8       0.92      0.89      0.91        75
          9       0.98      0.90      0.94        72
         11       0.97      0.97      0.97       186

avg / total       0.93      0.93      0.93      2642
