             precision    recall  f1-score   support

          1       0.93      0.96      0.95       836
          2       0.86      0.92      0.89       433
          3       0.88      0.88      0.88        74
          4       0.76      0.58      0.65       220
          5       1.00      0.25      0.40         8
          6       0.12      0.05      0.07        20
          7       1.00      0.14      0.25         7
          8       0.00      0.00      0.00         1
         10       0.96      0.98      0.97       788
         11       0.92      0.95      0.94       309
         12       0.99      0.99      0.99       641
         13       0.98      0.99      0.98       515
         14       0.95      0.93      0.94       285

avg / total       0.93      0.94      0.93      4137
