             precision    recall  f1-score   support

          1       0.93      0.94      0.93      1460
          2       0.91      0.87      0.89      3168
          3       0.87      0.94      0.90      2568
          4       0.95      0.92      0.94       198
          5       0.94      0.92      0.93       588
          7       0.78      0.53      0.63       224
          8       0.86      0.97      0.91        92
          9       0.85      0.85      0.85       335
         10       0.88      0.87      0.87       210
         11       1.00      0.92      0.96       119

avg / total       0.90      0.90      0.90      8962
