             precision    recall  f1-score   support

          1       0.86      0.80      0.83       476
          2       0.98      0.99      0.99      2493
          3       0.99      0.99      0.99      2108
          5       0.51      0.67      0.58       133
          6       0.33      0.20      0.25        51
          7       0.91      0.87      0.89       317
          8       0.77      0.83      0.80       537
          9       0.79      0.59      0.68        71
         10       0.34      0.18      0.24        56

avg / total       0.93      0.93      0.93      6242
