             precision    recall  f1-score   support

          1       0.93      0.96      0.95      2429
          2       0.89      0.90      0.89       964
          3       0.89      0.92      0.90      1595
          4       0.87      0.92      0.89       415
          5       0.77      0.64      0.70       552
          6       0.79      0.84      0.81       264
          7       0.92      0.93      0.92      1024
          8       0.96      0.97      0.96      1325
          9       0.61      0.35      0.45       220
         10       0.70      0.66      0.68       413
         12       0.76      0.76      0.76       170

avg / total       0.88      0.89      0.89      9371
