             precision    recall  f1-score   support

          1       0.88      0.97      0.92       843
          2       0.98      0.97      0.97       799
          3       1.00      0.86      0.92        86
          4       0.92      0.89      0.90        61
          5       0.70      0.36      0.47        59
          6       0.85      0.69      0.76        65
          7       0.96      0.92      0.94       165
          8       0.97      0.88      0.93        86
         11       0.76      0.65      0.70        57
         14       0.92      0.97      0.95        36
         16       0.91      0.84      0.87        37

avg / total       0.92      0.92      0.92      2294
