             precision    recall  f1-score   support

          1       0.98      0.98      0.98       750
          2       0.99      0.99      0.99       845
          3       0.88      0.94      0.91       266
          4       0.87      0.78      0.82       205
          5       0.61      0.66      0.63       170
          6       0.99      0.99      0.99       155
          7       0.98      0.98      0.98       397
          8       0.45      0.33      0.38       111
          9       0.92      0.98      0.95       193

avg / total       0.92      0.93      0.92      3092
