             precision    recall  f1-score   support

          1       0.93      0.97      0.95       341
          2       0.96      0.96      0.96      1287
          3       0.92      0.92      0.92       813
          4       0.95      0.96      0.95       771
          5       0.86      0.91      0.88       278
          6       0.98      0.94      0.95       170
          7       0.63      0.49      0.55        68
          8       0.85      0.83      0.84       109
         10       0.66      0.53      0.59        43

avg / total       0.93      0.93      0.93      3880
