             precision    recall  f1-score   support

          1       0.61      0.53      0.57       482
          2       0.90      0.91      0.91       275
          3       0.72      0.75      0.73       268
          4       0.88      0.89      0.88       394
          5       0.87      0.93      0.90       275
          6       0.94      0.96      0.95       242
          8       0.67      0.67      0.67       179
          9       0.94      0.96      0.95       182
         10       0.87      0.93      0.90       260
         11       0.92      0.92      0.92        72
         12       0.90      0.92      0.91        92
         13       0.94      0.97      0.95        90
         14       0.84      0.71      0.77        45

avg / total       0.82      0.82      0.82      2856
