             precision    recall  f1-score   support

          1       0.99      1.00      0.99     23758
          2       0.98      0.95      0.96      1934
          3       0.91      0.88      0.89       630
          4       0.95      0.95      0.95       771
          5       0.89      0.92      0.90       362
          6       0.93      0.90      0.91       178
          7       0.96      0.92      0.94       542
          8       0.91      0.70      0.79        60

avg / total       0.99      0.99      0.99     28235
