             precision    recall  f1-score   support

          1       0.99      0.99      0.99      2194
          2       0.92      0.80      0.85       321
          3       0.86      0.92      0.89      2646
          4       0.82      0.87      0.84      1399
          5       0.90      0.88      0.89        50
          6       0.92      0.94      0.93       759
          7       0.82      0.56      0.67       757
          8       0.91      0.94      0.92       185
          9       0.88      0.78      0.83        88
         10       0.92      0.96      0.94       823
         11       0.99      0.97      0.98       582
         12       0.96      0.94      0.95       474
         13       0.94      1.00      0.97        49

avg / total       0.91      0.91      0.90     10327
