             precision    recall  f1-score   support

          1       0.91      0.94      0.93       615
          2       0.92      0.95      0.93      1240
          3       0.98      0.97      0.98       445
          4       0.98      0.99      0.98       851
          5       0.95      0.94      0.95       812
          6       0.97      0.99      0.98       510
          7       0.73      0.13      0.22        61
          8       0.85      0.63      0.72        70

avg / total       0.94      0.95      0.94      4604
