             precision    recall  f1-score   support

          1       0.94      0.89      0.91       775
          2       0.83      0.87      0.85        60
          3       0.97      0.99      0.98      2339
          4       0.88      0.76      0.82        67
          5       0.89      0.90      0.89       592
          7       0.97      0.96      0.97       250
          8       0.97      0.85      0.90       112
          9       0.93      0.90      0.91       130

avg / total       0.95      0.95      0.95      4325
