             precision    recall  f1-score   support

          1       0.62      0.58      0.60       482
          2       0.86      0.93      0.90       275
          3       0.74      0.75      0.74       269
          4       0.90      0.89      0.90       395
          5       0.93      0.87      0.90       276
          6       0.96      0.94      0.95       243
          8       0.64      0.72      0.68       180
          9       0.94      0.98      0.96       183
         10       0.89      0.92      0.90       261
         11       0.96      0.90      0.93        73
         12       0.85      0.90      0.88        93
         13       0.93      0.90      0.92        91
         14       0.80      0.70      0.74        46

avg / total       0.83      0.83      0.83      2867
