             precision    recall  f1-score   support

          1       0.96      0.99      0.97       949
          2       0.99      0.94      0.96       130
          3       0.67      0.88      0.76        43
          4       0.62      0.55      0.58       212
          5       0.63      0.57      0.60        86
          6       0.58      0.61      0.59        62
          7       0.98      0.89      0.94       113
          8       0.74      0.74      0.74        72

avg / total       0.87      0.87      0.87      1667
