             precision    recall  f1-score   support

          1       0.95      0.97      0.96      1696
          2       0.92      0.93      0.93       312
          3       0.99      0.99      0.99       931
          4       0.97      0.94      0.95       157
          5       0.98      0.95      0.96       346
          6       0.92      0.94      0.93        88
          7       0.87      0.96      0.91        76
          8       0.83      0.77      0.80       103
          9       0.85      0.93      0.89       123
         12       0.94      0.98      0.96       122
         13       0.59      0.42      0.49       121
         15       0.95      0.94      0.94        98

avg / total       0.94      0.95      0.94      4173
