             precision    recall  f1-score   support

          1       1.00      0.67      0.80         9
          2       0.94      0.99      0.96        74
          3       0.90      0.72      0.80        25
          4       0.69      0.79      0.73        14
          5       0.78      0.78      0.78         9
          6       0.87      1.00      0.93        33
          7       0.00      0.00      0.00         7
          8       0.75      0.80      0.77        15

avg / total       0.85      0.86      0.85       186
