             precision    recall  f1-score   support

          1       0.99      0.99      0.99      1973
          2       1.00      0.99      1.00       346
          3       1.00      0.98      0.99       302
          4       0.99      0.97      0.98       256
          5       0.99      0.96      0.97       163
          6       1.00      0.93      0.96        44
          7       0.91      0.94      0.93       227
          8       0.99      0.99      0.99      1987
          9       0.68      0.59      0.63       172
         10       0.97      0.98      0.98      3926
         11       0.97      0.99      0.98       267

avg / total       0.98      0.98      0.98      9663
