             precision    recall  f1-score   support

          1       0.65      0.61      0.63     12313
          2       0.54      0.56      0.55      8670
          3       0.90      0.92      0.91     21615
          4       0.78      0.77      0.78     17520
          5       0.71      0.77      0.74     15738
          6       0.51      0.28      0.36      2442
          7       0.74      0.82      0.78      4587
          8       0.87      0.94      0.90        63
          9       0.00      0.00      0.00       189
         10       0.98      0.94      0.96       129
         11       0.62      0.42      0.50       133
         12       1.00      0.27      0.42        67

avg / total       0.74      0.75      0.75     83466
