             precision    recall  f1-score   support

          1       0.80      0.83      0.82       104
          2       0.95      0.98      0.96       669
          3       0.81      0.76      0.79        68
          4       0.85      0.85      0.85       156
          5       0.94      0.94      0.94        64
          6       0.92      0.91      0.91       193
          7       0.89      0.86      0.87       100
         10       0.88      0.83      0.85        42
         12       0.75      0.53      0.62        40

avg / total       0.90      0.91      0.90      1436
