             precision    recall  f1-score   support

          1       0.95      0.91      0.93       231
          2       0.86      0.87      0.87       109
          3       0.93      0.93      0.93       230
          4       0.48      0.49      0.48       323
          5       0.91      0.80      0.85        66
          6       0.96      0.95      0.96       413
          7       0.92      0.81      0.86       158
          8       0.65      0.70      0.67       460
          9       0.96      0.95      0.96        58
         10       0.96      0.91      0.93        53

avg / total       0.81      0.80      0.80      2101
