             precision    recall  f1-score   support

          1       0.90      0.96      0.93       842
          2       0.98      0.96      0.97       798
          3       0.90      0.83      0.86        86
          4       0.93      0.89      0.91        61
          5       0.70      0.53      0.61        58
          6       0.92      0.75      0.83        65
          7       0.94      0.91      0.93       165
          8       0.91      0.93      0.92        86
         11       0.75      0.75      0.75        57
         14       0.80      0.78      0.79        36
         16       0.92      0.92      0.92        36

avg / total       0.92      0.92      0.92      2290
