             precision    recall  f1-score   support

          1       0.91      0.97      0.94       903
          2       0.76      0.63      0.69       172
          3       0.92      0.87      0.89        52
          4       0.78      0.88      0.83       135
          5       0.90      0.77      0.83       134
          6       0.72      0.75      0.74       207
          7       0.92      0.92      0.92       100
          8       0.80      0.59      0.68        34
          9       0.83      0.90      0.86       160
         10       1.00      0.85      0.92        39
         12       0.71      0.43      0.54        35
         14       0.78      0.64      0.70        39
         16       0.81      0.73      0.77        48
         21       0.77      0.51      0.62        39

avg / total       0.85      0.86      0.85      2097
