             precision    recall  f1-score   support

          1       0.95      0.97      0.96      5169
          2       0.91      0.94      0.93      2685
          3       0.90      0.95      0.92      2363
          4       0.83      0.71      0.76      1534
          5       0.85      0.72      0.78       242
          6       0.95      0.97      0.96      5606
          7       0.91      0.88      0.89       141
          8       0.82      0.58      0.68       418
          9       0.66      0.22      0.33        96

avg / total       0.92      0.92      0.92     18254
