             precision    recall  f1-score   support

          1       0.92      0.95      0.93       836
          2       0.90      0.88      0.89       432
          3       0.74      0.85      0.79        73
          4       0.67      0.55      0.60       220
          5       1.00      0.43      0.60         7
          6       0.14      0.05      0.08        19
          7       1.00      0.50      0.67         6
          8       0.00      0.00      0.00         1
         10       0.95      0.97      0.96       788
         11       0.90      0.95      0.93       309
         12       1.00      0.99      0.99       641
         13       0.97      0.97      0.97       514
         14       0.91      0.91      0.91       285

avg / total       0.92      0.92      0.92      4131
