             precision    recall  f1-score   support

          1       0.93      0.96      0.94      4686
          2       0.73      0.64      0.68      2538
          3       0.98      0.98      0.98      1342
          4       0.86      0.87      0.86      4519
          5       0.84      0.88      0.86      3815
          6       0.83      0.86      0.84       439
          7       0.80      0.82      0.81       399
          8       0.85      0.82      0.83       277
          9       0.46      0.15      0.23        71

avg / total       0.86      0.87      0.86     18086
