             precision    recall  f1-score   support

          1       0.95      0.93      0.94      2976
          2       0.93      0.96      0.94      6754
          3       0.96      0.98      0.97      3753
          4       0.94      0.83      0.88        70
          5       0.62      0.20      0.31        49
          6       0.88      0.69      0.78       296
          7       0.77      0.57      0.65       111
          8       0.57      0.31      0.40       183

avg / total       0.93      0.94      0.93     14192
