             precision    recall  f1-score   support

          1       0.99      0.99      0.99      3980
          2       0.99      1.00      0.99      6259
          3       0.96      0.96      0.96       780
          4       0.92      0.95      0.93        97
          5       1.00      0.92      0.96        66
          7       0.99      0.95      0.97       672
          8       0.86      0.89      0.88       269
          9       1.00      0.75      0.85        51
         17       0.98      0.96      0.97        50

avg / total       0.99      0.99      0.99     12224
