             precision    recall  f1-score   support

          1       0.75      0.51      0.61      4142
          2       0.77      0.91      0.84     15106
          3       0.92      0.91      0.92      3894
          4       0.70      0.58      0.63       139
          5       0.56      0.27      0.36        83
          6       0.68      0.38      0.48      2013
          7       0.74      0.65      0.69       365
          8       0.81      0.66      0.73       300
          9       0.63      0.22      0.33       254
         10       0.62      0.37      0.46        97
         11       0.50      0.16      0.24        37
         13       0.82      0.49      0.61       151

avg / total       0.78      0.79      0.77     26581
