             precision    recall  f1-score   support

          1       0.93      0.95      0.94      3975
          2       0.98      0.99      0.99      7384
          3       0.89      0.86      0.87       707
          4       0.84      0.84      0.84       734
          5       0.94      0.97      0.96       594
          6       0.97      0.97      0.97      1696
          7       0.90      0.92      0.91      1139
          8       0.96      0.94      0.95      1225
          9       0.86      0.81      0.83       241
         10       0.90      0.91      0.90       591
         11       0.90      0.88      0.89       966
         13       0.77      0.61      0.68        77
         14       0.96      0.99      0.98       136
         15       0.92      0.92      0.92       132
         16       0.79      0.76      0.78       217
         17       0.90      0.70      0.79        40
         19       0.92      0.86      0.89       326
         21       0.93      0.89      0.91       117
         23       0.77      0.64      0.70        72

avg / total       0.94      0.94      0.94     20369
