             precision    recall  f1-score   support

          1       0.95      0.98      0.96      1797
          2       0.98      0.99      0.99       729
          3       0.95      0.97      0.96      1723
          4       0.93      0.94      0.94      2267
          5       0.99      1.00      0.99      2476
          6       0.96      0.99      0.97       914
          7       0.94      0.97      0.96      1764
          8       0.98      0.99      0.99       384
          9       0.92      0.93      0.93       399
         10       0.92      0.91      0.92       411
         11       0.89      0.92      0.90      1316
         12       0.95      0.87      0.91       585
         13       0.69      0.24      0.36       398

avg / total       0.94      0.95      0.94     15163
