             precision    recall  f1-score   support

          1       0.84      0.85      0.85      7520
          2       0.79      0.91      0.85     10402
          3       0.86      0.86      0.86       713
          5       0.73      0.46      0.56      4035
          6       0.77      0.64      0.70       306
          7       0.87      0.88      0.88        69
          8       0.58      0.34      0.43        44
          9       0.83      0.63      0.72        63

avg / total       0.80      0.80      0.79     23152
