             precision    recall  f1-score   support

          1       0.94      0.97      0.95     19066
          2       0.97      0.99      0.98      2444
          3       0.98      0.99      0.98      1927
          4       0.87      0.79      0.83      5445
          5       1.00      1.00      1.00       390
          6       0.70      0.70      0.70       205
          7       0.94      0.97      0.96       729
          8       0.90      0.91      0.91        80
          9       0.99      0.97      0.98       234
         10       0.81      0.73      0.76       277
         11       0.95      0.94      0.94       359
         12       0.94      0.96      0.95      1000
         13       0.94      0.96      0.95       336
         14       0.98      0.99      0.99       306
         15       0.98      0.92      0.95       192
         16       0.91      0.69      0.78        74
         17       0.93      0.87      0.90        92
         18       0.89      0.78      0.83        79
         19       0.92      0.84      0.88       563
         20       0.93      0.92      0.92        97
         21       0.93      0.79      0.86        34
         22       0.83      0.75      0.78       488
         23       0.81      0.82      0.81       182
         24       0.93      0.85      0.89        74
         26       1.00      0.90      0.95        41
         27       0.92      0.75      0.83        60
         28       0.94      0.84      0.89        58
         34       0.78      0.36      0.49        39

avg / total       0.93      0.93      0.93     34871
