             precision    recall  f1-score   support

          1       0.98      0.98      0.98      1433
          2       0.97      0.98      0.98      1547
          3       0.91      0.92      0.92      1247
          4       0.96      0.97      0.97      1615
          5       0.91      0.74      0.82        85
          6       0.96      0.91      0.93       440
          7       0.72      0.64      0.68       135
          8       0.87      0.87      0.87        93

avg / total       0.95      0.95      0.95      6595
