             precision    recall  f1-score   support

          1       0.83      0.88      0.85       224
          2       0.92      0.95      0.93        96
          3       0.89      0.95      0.92        98
          4       0.95      0.94      0.95        65
          5       0.89      0.86      0.87        92
          7       0.74      0.70      0.72       112
          8       0.63      0.49      0.55        76
          9       0.85      0.93      0.89       134
         10       0.69      0.64      0.66        77

avg / total       0.82      0.83      0.83       974
