             precision    recall  f1-score   support

          1       0.30      0.13      0.18       372
          2       0.62      0.65      0.64      1235
          3       0.64      0.67      0.66       406
          4       0.86      0.82      0.84       151
          5       0.73      0.62      0.68       208
          6       0.57      0.58      0.58       845
          7       0.62      0.73      0.67       915
          8       0.65      0.80      0.71       128
          9       0.62      0.39      0.48        61
         10       0.36      0.15      0.21        61

avg / total       0.60      0.61      0.60      4382
