             precision    recall  f1-score   support

          1       0.88      0.94      0.91       174
          2       0.92      0.94      0.93       485
          3       0.94      0.87      0.91        39
          4       0.92      0.86      0.89       327
          5       1.00      0.92      0.96       262
          6       0.84      0.77      0.80       401
          7       0.82      0.88      0.85       320
          8       0.78      0.83      0.80       317
          9       0.98      0.93      0.96       104
         10       0.92      0.86      0.89       127
         13       0.86      0.93      0.89        59
         16       0.77      0.98      0.86       110

avg / total       0.88      0.88      0.88      2725
