             precision    recall  f1-score   support

          1       0.96      0.94      0.95       411
          2       0.88      0.86      0.87       280
          3       0.87      0.90      0.89       366
          5       0.86      0.92      0.89       122
          6       0.94      0.95      0.95       947
          7       0.94      0.93      0.93       570
          8       0.93      0.98      0.95       685
          9       0.98      0.95      0.96       128
         11       0.96      0.89      0.92        97
         12       0.30      0.07      0.11        44

avg / total       0.92      0.93      0.92      3650
