             precision    recall  f1-score   support

          1       0.99      0.98      0.99      2846
          2       0.97      0.98      0.97      7802
          3       0.99      0.99      0.99     12633
          4       0.95      0.96      0.96      4520
          5       0.99      0.99      0.99      2299
          6       0.93      0.94      0.94       683
          7       0.99      0.96      0.98       169
          8       1.00      0.31      0.47        74
          9       0.75      0.03      0.06        95

avg / total       0.98      0.98      0.97     31121
