             precision    recall  f1-score   support

          1       0.66      0.54      0.59       117
          2       0.69      0.69      0.69       539
          3       0.96      0.96      0.96      3134
          4       0.70      0.74      0.72      2280
          5       0.72      0.48      0.57       105
          6       0.72      0.82      0.77       229
          7       0.65      0.58      0.61       897
          8       0.70      0.67      0.69       261

avg / total       0.80      0.80      0.80      7562
