             precision    recall  f1-score   support

          1       0.92      0.94      0.93      1048
          2       0.84      0.66      0.74        32
          3       0.85      0.76      0.80       241
          4       0.90      0.69      0.78        54
          5       1.00      0.97      0.98       290
          6       0.94      0.65      0.77        23
          7       0.97      1.00      0.98       214
          8       0.95      0.98      0.96      1347

avg / total       0.94      0.94      0.94      3249
