             precision    recall  f1-score   support

          1       0.80      0.80      0.80       133
          2       0.82      0.89      0.86       261
          3       0.78      0.80      0.79        45
          4       0.83      0.82      0.82       217
          5       0.50      0.64      0.56        11
          6       0.00      0.00      0.00         3
          7       0.00      0.00      0.00         2
          8       0.00      0.00      0.00         1
          9       0.56      0.62      0.59       185
         10       0.45      0.30      0.36       119

avg / total       0.71      0.73      0.72       977
