             precision    recall  f1-score   support

          1       0.90      0.87      0.89      1934
          2       0.97      0.97      0.97      2017
          3       0.84      0.89      0.87      2528
          4       0.86      0.91      0.88      1590
          5       0.96      0.92      0.94      1058
          6       0.98      0.99      0.98      2474
          7       0.98      0.97      0.98       626
          8       0.96      0.98      0.97       820
          9       0.85      0.88      0.86       329
         11       0.63      0.29      0.40       262
         12       0.96      0.91      0.93       286

avg / total       0.92      0.92      0.92     13924
