             precision    recall  f1-score   support

          1       0.72      0.80      0.76      1125
          2       0.85      0.87      0.86       767
          3       0.60      0.38      0.47       116
          4       0.87      0.87      0.87       288
          5       0.92      0.94      0.93      2427
          6       0.84      0.73      0.78       381
          7       0.85      0.72      0.78        85
          8       0.88      0.89      0.89       139
          9       0.87      0.75      0.80       201
         10       0.79      0.73      0.76       329
         11       0.86      0.75      0.80       121
         12       0.87      0.83      0.85       190

avg / total       0.85      0.85      0.85      6169
