             precision    recall  f1-score   support

          1       0.96      0.95      0.95       231
          2       0.79      0.89      0.84       110
          3       0.93      0.91      0.92       230
          4       0.54      0.50      0.52       324
          5       0.84      0.71      0.77        66
          6       0.95      0.93      0.94       413
          7       0.86      0.87      0.86       158
          8       0.65      0.69      0.67       460
          9       0.97      0.97      0.97        59
         10       0.84      0.89      0.86        53

avg / total       0.80      0.80      0.80      2104
