             precision    recall  f1-score   support

          1       0.93      0.91      0.92       263
          2       0.98      0.99      0.98      1186
          3       0.95      0.96      0.95       517
          4       0.96      0.91      0.93        78
          5       0.94      0.92      0.93       265
          6       0.99      0.93      0.96       169
          7       0.99      0.99      0.99       183
          8       0.97      0.98      0.98       403
          9       0.96      0.97      0.96       184
         10       0.96      0.95      0.95       211
         15       0.88      0.83      0.86        54
         17       0.97      0.94      0.96        34

avg / total       0.96      0.96      0.96      3547
