             precision    recall  f1-score   support

          1       0.90      0.82      0.86       142
          2       0.92      0.98      0.95       351
          3       0.88      0.94      0.91       509
          4       0.88      0.89      0.88       414
          5       0.92      0.77      0.84        43
          7       0.90      0.78      0.84        36
          8       0.95      0.93      0.94        81
          9       0.93      0.51      0.66        49
         10       0.96      0.88      0.92        52
         11       1.00      0.79      0.88        48

avg / total       0.90      0.90      0.90      1725
