             precision    recall  f1-score   support

          1       0.89      0.91      0.90       194
          2       0.99      0.96      0.97       239
          3       0.87      0.84      0.85        87
          4       0.85      0.85      0.85        73
          5       0.92      0.95      0.93       518
          6       0.86      0.87      0.86       104
          7       1.00      0.92      0.96        78
          9       0.93      0.83      0.88        47

avg / total       0.92      0.92      0.92      1340
