             precision    recall  f1-score   support

          1       0.99      0.97      0.98       439
          2       0.29      0.15      0.20       731
          3       0.97      0.94      0.95       404
          4       0.74      0.60      0.66        65
          5       0.79      0.81      0.80       162
          6       0.94      0.92      0.93       234
          7       0.91      0.89      0.90       119
          8       0.43      0.45      0.44        65
          9       0.80      0.88      0.84        77
         10       0.84      0.70      0.76        30
         11       0.23      0.12      0.15        43
         12       0.75      0.82      0.79        78
         13       0.00      0.00      0.00        10
         14       0.75      0.75      0.75        16
         15       0.48      0.27      0.35       188
         16       0.45      0.54      0.49       452
         17       0.49      0.33      0.39      1284
         18       0.41      0.34      0.37       204
         19       0.49      0.23      0.31      1343
         20       0.49      0.66      0.56       188
         21       0.48      0.65      0.55      4047

avg / total       0.53      0.54      0.52     10179
