             precision    recall  f1-score   support

          1       0.86      0.83      0.84       338
          2       0.99      0.99      0.99       320
          3       0.93      0.96      0.94       173
          4       0.94      0.97      0.96      1047
          5       0.94      0.93      0.94       768
          6       0.95      1.00      0.97        54
          7       0.88      0.83      0.86       276
          8       0.96      0.97      0.96        70
          9       0.94      0.96      0.95        77
         10       0.95      0.91      0.93       254
         11       0.93      0.99      0.96       129
         12       0.67      0.63      0.65        98
         13       0.87      0.91      0.89        44

avg / total       0.93      0.93      0.93      3648
