             precision    recall  f1-score   support

          1       0.90      0.93      0.92     21801
          2       0.87      0.79      0.83      1549
          3       0.95      0.91      0.93      5689
          4       0.84      0.87      0.85     30899
          5       0.86      0.86      0.86     16876
          6       0.94      0.97      0.95     33078
          7       0.91      0.92      0.91     13412
          8       0.95      0.95      0.95     16456
          9       0.78      0.79      0.78       692
         10       0.80      0.80      0.80     18195
         11       0.62      0.42      0.50      8549
         12       0.92      0.87      0.89      4247
         13       0.80      0.74      0.77      2382
         14       0.88      0.42      0.57        69
         15       0.95      0.81      0.87       140

avg / total       0.87      0.88      0.87    174034
