             precision    recall  f1-score   support

          1       0.89      0.91      0.90        53
          2       0.97      0.97      0.97       373
          3       0.92      0.95      0.94       435
          5       0.89      0.92      0.91       140
          6       0.96      0.97      0.96       340
          7       0.92      0.95      0.93       174
          8       0.85      0.74      0.79       164
          9       0.86      0.87      0.86       147
         10       0.91      0.87      0.89        55
         12       0.89      0.81      0.85        52

avg / total       0.92      0.92      0.92      1933
