             precision    recall  f1-score   support

          1       0.99      0.99      0.99       877
          2       0.99      0.98      0.99       342
          3       0.92      0.90      0.91       311
          4       0.97      0.97      0.97        90
          5       0.92      0.96      0.94       473
          6       0.94      0.94      0.94       141
          7       0.98      0.99      0.98       373
          8       0.97      0.93      0.95        83
          9       0.91      0.87      0.89       144
         10       0.97      0.97      0.97       253
         11       0.88      0.82      0.85        80

avg / total       0.96      0.96      0.96      3167
