             precision    recall  f1-score   support

          1       0.89      0.94      0.91       240
          2       0.98      0.98      0.98       995
          3       0.87      0.77      0.82        35
          4       0.91      0.82      0.86        77
          5       0.97      0.97      0.97        39
          8       0.94      0.95      0.95        84
         10       0.80      0.72      0.76        39
         12       0.83      0.79      0.81        78

avg / total       0.95      0.95      0.95      1587
