             precision    recall  f1-score   support

          1       0.93      0.96      0.94     36476
          2       0.88      0.87      0.88      3449
          3       0.87      0.93      0.90      3171
          4       0.86      0.83      0.84      1222
          5       0.85      0.75      0.80      5354
          6       0.93      0.90      0.92      6189
          7       0.79      0.78      0.78      1277
          8       0.87      0.91      0.89      2064
          9       0.95      0.92      0.94      1503
         10       0.95      0.84      0.89       723
         11       0.34      0.08      0.13       351
         12       0.68      0.63      0.65      1020
         13       0.86      0.88      0.87       147
         14       0.87      0.43      0.57       242
         16       0.90      0.91      0.90       293
         17       0.94      0.90      0.92       136
         22       0.71      0.32      0.44        38

avg / total       0.90      0.91      0.90     63655
