             precision    recall  f1-score   support

          1       0.96      0.98      0.97      1183
          2       0.96      0.98      0.97      1618
          3       0.98      0.98      0.98      1166
          4       0.99      0.98      0.98      2020
          5       0.98      0.99      0.99      6199
          6       0.98      0.96      0.97      1396
          7       0.99      0.97      0.98      2810
          8       0.95      0.95      0.95      2089
          9       0.95      0.97      0.96      3107
         10       0.91      0.92      0.92       722
         11       0.96      0.95      0.96      1416
         13       0.74      0.24      0.36       131
         14       0.97      0.93      0.95       417
         15       0.83      0.97      0.89        74
         16       0.95      0.95      0.95       237

avg / total       0.97      0.97      0.97     24585
