             precision    recall  f1-score   support

          1       0.89      0.83      0.86       352
          2       0.95      0.98      0.97      3652
          4       0.99      0.97      0.98       518
          5       0.98      0.96      0.97      1558
          6       0.97      0.95      0.96       117
          7       0.99      0.93      0.96       143
          8       0.96      0.87      0.91        60
         11       1.00      0.94      0.97        86
         12       0.89      0.92      0.90       254
         13       0.96      0.82      0.89        62
         15       0.99      0.98      0.99       182
         16       0.88      0.71      0.79        52

avg / total       0.96      0.96      0.96      7036
