             precision    recall  f1-score   support

          1       0.99      0.99      0.99      1337
          2       0.96      0.95      0.95       319
          3       0.99      0.99      0.99      1097
          4       0.93      0.96      0.94       820
          5       0.91      0.93      0.92       461
          6       0.89      0.89      0.89       170
          7       0.86      0.74      0.79        42
          8       0.93      0.92      0.93        74
         10       0.82      0.91      0.86        45
         11       0.88      0.88      0.88       105
         13       0.76      0.52      0.62        62
         17       0.75      0.57      0.65        37
         18       0.94      0.98      0.96        92

avg / total       0.95      0.95      0.95      4661
