             precision    recall  f1-score   support

          1       0.97      0.96      0.96       320
          2       0.99      0.97      0.98        70
          3       0.93      0.98      0.95       221
          4       0.97      0.90      0.94        82
          5       0.94      0.99      0.96        77
          6       0.97      0.96      0.97       221
          7       0.95      0.89      0.92        91
          8       0.92      0.91      0.91        65
         11       0.96      0.97      0.96        69

avg / total       0.96      0.96      0.96      1216
