             precision    recall  f1-score   support

          1       0.93      0.98      0.95       955
          2       0.96      0.99      0.97       394
          3       0.98      0.99      0.99       678
          4       0.98      1.00      0.99       438
          5       0.87      0.82      0.85       245
          6       0.95      0.97      0.96       514
          7       0.89      0.81      0.85       164
          8       0.58      0.18      0.28        82

avg / total       0.94      0.94      0.94      3470
