             precision    recall  f1-score   support

          1       0.88      0.61      0.72        70
          2       0.70      0.42      0.53        78
          3       0.92      0.57      0.71        63
          4       0.85      0.60      0.71        48
          5       0.78      0.33      0.47        87
          6       1.00      0.52      0.69        65
          7       0.75      0.26      0.39        34
          8       0.98      1.00      0.99       910
          9       0.96      1.00      0.98      4750

avg / total       0.96      0.96      0.95      6105
