             precision    recall  f1-score   support

          1       0.98      0.98      0.98      2531
          2       0.81      0.81      0.81      1724
          3       0.75      0.65      0.70      3432
          4       0.73      0.86      0.79      2220
          5       0.92      0.88      0.90      1559
          6       0.85      0.94      0.89      1508
          7       0.77      0.78      0.77       853
          8       0.92      0.94      0.93      1205
          9       0.85      0.87      0.86       173
         10       0.82      0.72      0.77       870
         11       0.78      0.62      0.69        68

avg / total       0.83      0.83      0.83     16143
