             precision    recall  f1-score   support

          1       0.94      0.94      0.94      2975
          2       0.94      0.96      0.95      6754
          3       0.97      0.98      0.97      3752
          4       0.94      0.86      0.90        70
          5       1.00      0.17      0.29        48
          6       0.87      0.68      0.76       295
          7       0.73      0.60      0.66       110
          8       0.55      0.32      0.40       182

avg / total       0.94      0.94      0.94     14186
