             precision    recall  f1-score   support

          1       0.90      0.92      0.91       240
          2       0.97      0.99      0.98       995
          3       0.94      0.86      0.90        35
          4       0.95      0.77      0.85        78
          5       1.00      0.93      0.96        40
          8       0.93      0.94      0.94        85
         10       0.81      0.88      0.84        40
         12       0.86      0.77      0.81        79

avg / total       0.95      0.95      0.95      1592
