             precision    recall  f1-score   support

          1       0.68      0.64      0.66       301
          2       0.38      0.34      0.36        41
          3       0.85      0.90      0.88       351
          4       0.87      0.96      0.91       712
          5       0.74      0.72      0.73       398
          6       0.72      0.59      0.65        74
          7       0.90      0.86      0.88       304
          8       0.83      0.86      0.84       556
          9       0.76      0.52      0.62       105
         11       0.92      0.91      0.92        66
         13       0.59      0.50      0.54        70
         16       0.83      0.73      0.77        59

avg / total       0.81      0.81      0.81      3037
