             precision    recall  f1-score   support

          1       0.99      0.99      0.99     24421
          2       0.97      0.99      0.98     11323
          3       0.90      0.81      0.85      1658
          4       0.93      0.87      0.90       858
          5       0.96      0.92      0.94       486
          6       0.95      0.95      0.95      6014
          7       0.95      0.96      0.95      6904
          8       0.86      0.86      0.86       464
          9       0.56      0.10      0.17        93

avg / total       0.97      0.97      0.97     52221
