             precision    recall  f1-score   support

          1       0.96      0.94      0.95       478
          2       0.97      0.94      0.95       301
          3       0.97      0.76      0.85        38
          4       0.83      0.38      0.52        50
          5       1.00      0.33      0.50        24
          6       0.80      0.50      0.62        16
          7       0.97      0.99      0.98      2446
          8       0.96      0.98      0.97      1696

avg / total       0.97      0.97      0.96      5049
