             precision    recall  f1-score   support

          1       0.85      0.84      0.85     11312
          2       0.79      0.69      0.74      5465
          3       0.68      0.76      0.72      9343
          4       0.88      0.89      0.89      2070
          5       0.91      0.84      0.87      1993
          6       0.77      0.68      0.72       560
          7       0.85      0.84      0.84      3209
          8       0.97      0.71      0.82        87
          9       0.73      0.55      0.63       591
         10       0.75      0.71      0.73       540
         11       1.00      0.93      0.96        56

avg / total       0.79      0.79      0.79     35226
