             precision    recall  f1-score   support

          1       0.87      0.94      0.90       565
          2       0.92      0.87      0.90       197
          3       0.77      0.79      0.78       550
          4       0.77      0.62      0.69        39
          5       0.88      0.87      0.88       585
          6       0.84      0.83      0.84       400
          7       0.98      0.97      0.98       111
          8       0.92      0.96      0.94       102
          9       0.66      0.36      0.47        85
         11       0.96      0.97      0.96       136

avg / total       0.85      0.86      0.85      2770
