             precision    recall  f1-score   support

          1       0.94      0.93      0.93     25112
          2       0.92      0.94      0.93      3982
          3       0.89      0.95      0.92      3926
          4       0.92      0.89      0.90       454
          5       0.69      0.71      0.70      2281
          6       0.93      0.94      0.94      1173
          7       0.84      0.83      0.83      1567
          8       0.63      0.65      0.64       352
          9       0.73      0.79      0.76       182
         10       0.96      0.94      0.95       250
         11       0.70      0.59      0.64       313
         12       0.85      0.74      0.79       117
         13       0.89      0.78      0.83        54

avg / total       0.91      0.91      0.91     39763
