             precision    recall  f1-score   support

          1       1.00      1.00      1.00     20775
          2       0.83      0.87      0.85      1556
          3       0.79      0.76      0.78      1072
          4       0.98      0.98      0.98       568
          5       0.86      0.90      0.88       791
          6       0.57      0.46      0.51       351
          7       0.85      0.70      0.77       127
          8       0.95      0.96      0.95       375
          9       0.76      0.54      0.63        72
         10       0.59      0.57      0.58        70
         11       0.77      0.86      0.81        35
         12       0.96      0.96      0.96       163

avg / total       0.96      0.96      0.96     25955
