             precision    recall  f1-score   support

          1       0.68      0.55      0.61        51
          2       0.61      0.56      0.59       351
          3       0.64      0.70      0.67       950
          4       0.62      0.66      0.64       235
          5       0.60      0.52      0.56       197
          6       0.50      0.28      0.36        58
          7       0.74      0.79      0.76        47
          8       0.81      0.47      0.59        45
          9       0.56      0.59      0.57        87

avg / total       0.63      0.63      0.63      2021
