             precision    recall  f1-score   support

          1       1.00      1.00      1.00     20774
          2       0.80      0.88      0.84      1556
          3       0.79      0.72      0.76      1071
          4       0.98      0.96      0.97       567
          5       0.86      0.90      0.88       791
          6       0.56      0.47      0.51       350
          7       0.74      0.72      0.73       127
          8       0.96      0.99      0.97       374
          9       0.82      0.50      0.62        72
         10       0.67      0.58      0.62        69
         11       0.76      0.56      0.64        34
         12       0.96      0.97      0.97       163

avg / total       0.96      0.96      0.96     25948
