             precision    recall  f1-score   support

          1       0.85      0.88      0.87       358
          2       0.97      0.93      0.95       208
          3       0.89      0.95      0.92       116
          4       0.97      0.99      0.98       582
          5       0.96      0.87      0.91       240
          6       0.96      0.96      0.96       421
          7       0.92      0.95      0.93        96
         11       0.97      0.95      0.96        60
         13       0.90      0.86      0.88        44

avg / total       0.94      0.94      0.94      2125
