             precision    recall  f1-score   support

          1       0.99      0.98      0.98      2847
          2       0.97      0.98      0.97      7803
          3       0.98      0.99      0.99     12633
          4       0.96      0.96      0.96      4520
          5       0.99      0.99      0.99      2299
          6       0.94      0.91      0.92       683
          7       1.00      0.98      0.99       169
          8       0.86      0.34      0.49        74
          9       0.67      0.04      0.08        96

avg / total       0.98      0.98      0.98     31124
