             precision    recall  f1-score   support

          1       0.91      0.96      0.93      7100
          2       0.70      0.75      0.72       371
          3       0.56      0.37      0.44      1244
          4       0.85      0.68      0.75       531
          5       0.86      0.89      0.87      1154
          6       0.77      0.86      0.81      1532
          7       0.64      0.64      0.64       140
          8       0.78      0.65      0.71       408
          9       0.80      0.76      0.78       199
         10       0.70      0.67      0.69       452
         11       0.76      0.77      0.77       306
         12       0.83      0.83      0.83       378
         13       0.81      0.56      0.66        70
         14       0.75      0.86      0.80        42

avg / total       0.83      0.84      0.83     13927
