             precision    recall  f1-score   support

          1       0.61      0.54      0.57       482
          2       0.88      0.94      0.91       275
          3       0.74      0.74      0.74       269
          4       0.89      0.90      0.90       394
          5       0.90      0.92      0.91       276
          6       0.92      0.96      0.94       242
          8       0.60      0.65      0.62       179
          9       0.95      0.96      0.95       183
         10       0.89      0.91      0.90       260
         11       0.90      0.90      0.90        72
         12       0.90      0.94      0.92        93
         13       0.95      0.90      0.93        90
         14       0.86      0.82      0.84        45

avg / total       0.82      0.82      0.82      2860
