             precision    recall  f1-score   support

          1       0.68      0.77      0.72      1298
          2       0.97      0.95      0.96      8907
          3       0.91      0.95      0.93        85
          4       0.97      0.97      0.97       323
          5       0.92      0.92      0.92       579
          6       0.80      0.81      0.81       158
          7       0.96      0.95      0.95       186
          8       0.93      0.88      0.90       146

avg / total       0.93      0.92      0.93     11682
