             precision    recall  f1-score   support

          1       0.98      0.99      0.98      1961
          2       0.93      0.93      0.93       353
          3       0.94      0.89      0.92       146
          4       0.97      0.94      0.95       263
          6       0.97      0.98      0.97       487
          7       0.92      0.95      0.94       316
          8       0.97      0.94      0.95       267
          9       0.99      0.99      0.99       106

avg / total       0.97      0.97      0.97      3899
