             precision    recall  f1-score   support

          1       0.79      0.91      0.85      3688
          2       0.91      0.95      0.93      7479
          3       0.98      0.98      0.98     19437
          4       0.87      0.79      0.83      3817
          5       0.84      0.78      0.81      2305
          6       0.88      0.88      0.88       622
          7       0.78      0.51      0.62       903
          8       0.88      0.89      0.89       515
          9       0.87      0.88      0.88      1011
         10       0.90      0.90      0.90       378
         11       0.81      0.83      0.82       151
         12       0.94      0.91      0.93       773
         13       0.76      0.76      0.76        97
         14       0.86      0.82      0.84       772
         15       0.89      0.86      0.87       428
         16       0.78      0.75      0.76       546
         17       0.94      0.96      0.95       129
         18       0.88      0.88      0.88       748
         19       0.93      0.97      0.95       306
         20       0.50      0.05      0.10        37
         22       0.84      0.76      0.80       213
         23       0.77      0.85      0.81        84
         25       0.89      0.83      0.86        93
         27       0.80      0.73      0.76        55
         28       0.78      0.64      0.70        44
         29       0.68      0.85      0.75        52
         30       0.78      0.64      0.70        55
         32       0.77      0.79      0.78        97
         35       0.86      0.71      0.78        52

avg / total       0.91      0.91      0.91     44887
