             precision    recall  f1-score   support

          1       0.84      0.94      0.89      2030
          2       0.66      0.64      0.65       725
          3       0.81      0.72      0.76      3099
          4       0.89      0.90      0.90       830
          5       0.95      0.96      0.96      3809
          6       0.96      0.72      0.83       637
          7       1.00      0.88      0.94        76
          8       0.72      0.79      0.75        81
          9       0.53      0.42      0.47       354
         10       0.91      0.90      0.90       468
         11       0.73      0.71      0.72      1021
         12       0.72      0.80      0.76      3178
         13       0.80      0.73      0.76       252
         14       0.74      0.67      0.70        46
         15       0.80      0.50      0.62       104
         16       0.85      0.92      0.88      1449
         17       0.79      0.75      0.77      1080
         18       0.84      0.86      0.85      1873
         19       0.64      0.60      0.62       390
         20       0.62      0.65      0.63       978
         21       0.73      0.78      0.76      1262
         23       0.75      0.78      0.76       986
         24       0.70      0.59      0.64       241
         26       0.82      0.85      0.83       291
         27       0.68      0.35      0.46       171
         29       0.76      0.62      0.68        63
         30       0.57      0.46      0.51        91
         31       0.64      0.66      0.65       177
         32       0.66      0.58      0.62        76
         33       0.78      0.80      0.79       166
         34       0.67      0.36      0.46       138
         35       0.88      0.78      0.82        63
         38       0.35      0.17      0.23        47

avg / total       0.80      0.80      0.80     26252
