             precision    recall  f1-score   support

          1       0.94      0.96      0.95      7956
          2       0.98      0.99      0.98      9298
          3       0.95      0.99      0.97       936
          4       0.91      0.88      0.90      1890
          5       0.79      0.82      0.81      1393
          6       0.95      0.97      0.96       181
          7       0.93      0.94      0.93      1497
          8       0.93      0.96      0.95      1224
          9       0.93      0.95      0.94      1791
         10       0.98      0.97      0.98      3746
         11       0.86      0.87      0.87      1868
         12       0.86      0.63      0.73      1065
         13       0.89      0.90      0.90      2016
         14       1.00      0.99      1.00       195
         15       0.87      0.87      0.87       863
         16       0.93      0.91      0.92       259
         17       0.98      0.99      0.98       821

avg / total       0.94      0.94      0.94     36999
