             precision    recall  f1-score   support

          1       0.99      0.99      0.99       877
          2       0.99      0.98      0.99       341
          3       0.91      0.87      0.89       311
          4       0.98      1.00      0.99        89
          5       0.90      0.96      0.93       473
          6       0.98      0.92      0.95       141
          7       0.96      0.98      0.97       373
          8       0.99      0.92      0.95        83
          9       0.91      0.90      0.90       143
         10       0.98      0.96      0.97       253
         11       0.93      0.78      0.84        80

avg / total       0.96      0.96      0.96      3164
