             precision    recall  f1-score   support

          1       0.95      0.95      0.95       411
          2       0.87      0.85      0.86       281
          3       0.85      0.90      0.87       366
          5       0.89      0.92      0.90       122
          6       0.96      0.94      0.95       947
          7       0.91      0.94      0.93       571
          8       0.94      0.97      0.95       685
          9       0.96      0.98      0.97       128
         11       0.94      0.93      0.93        97
         12       0.33      0.07      0.11        44

avg / total       0.92      0.93      0.92      3652
