             precision    recall  f1-score   support

          1       0.83      0.91      0.87       783
          2       0.90      0.95      0.93      1574
          3       0.90      0.90      0.90      1258
          4       0.59      0.34      0.43       216
          5       0.95      0.86      0.90       140
          6       0.79      0.56      0.66       150
          7       0.68      0.64      0.66        36
          8       0.96      0.95      0.96       321
         10       0.78      0.63      0.70       144

avg / total       0.87      0.88      0.87      4622
