             precision    recall  f1-score   support

          1       0.91      0.94      0.92     15149
          2       0.87      0.87      0.87      5210
          3       0.90      0.96      0.93     28199
          4       0.59      0.26      0.36      4535
          5       0.78      0.70      0.74      1741
          6       0.88      0.92      0.90      8176
          7       0.89      0.94      0.91      6938
          8       0.88      0.86      0.87      8265
          9       0.94      0.95      0.94      1074
         10       0.86      0.75      0.80       531
         11       0.93      0.94      0.94      1053
         12       0.76      0.72      0.74       437
         13       0.69      0.38      0.49        92
         14       0.84      0.85      0.85       768
         15       0.83      0.88      0.85       739
         16       0.71      0.89      0.79       450
         17       0.84      0.78      0.81       311
         18       0.93      0.61      0.74        93
         19       0.82      0.94      0.88       230
         20       0.81      0.31      0.45        42
         21       0.94      0.96      0.95       247
         22       0.89      0.78      0.83        50

avg / total       0.87      0.88      0.87     84330
