             precision    recall  f1-score   support

          1       0.96      0.98      0.97     17874
          2       0.61      0.31      0.42        35
          3       0.93      0.90      0.91       180
          4       1.00      0.57      0.73        21
          5       0.75      0.34      0.46       188
          6       0.80      0.62      0.70       118
          7       0.95      0.96      0.96       141
          8       0.67      0.33      0.44        12
          9       0.69      0.35      0.47        51
         10       0.78      0.24      0.36       123
         11       0.89      0.35      0.50        49
         12       1.00      0.97      0.99        79
         13       0.82      0.74      0.78        38
         14       0.97      0.96      0.96      1038
         15       0.98      0.97      0.98      9806
         16       1.00      0.98      0.99       743
         17       0.93      0.89      0.91       515

avg / total       0.96      0.97      0.96     31011
