             precision    recall  f1-score   support

          1       0.91      0.93      0.92     15149
          2       0.87      0.87      0.87      5210
          3       0.90      0.96      0.93     28199
          4       0.61      0.26      0.36      4535
          5       0.78      0.69      0.73      1740
          6       0.89      0.92      0.91      8176
          7       0.88      0.94      0.91      6938
          8       0.88      0.85      0.86      8265
          9       0.94      0.96      0.95      1073
         10       0.91      0.77      0.83       531
         11       0.93      0.95      0.94      1052
         12       0.78      0.75      0.76       437
         13       0.80      0.40      0.53        91
         14       0.85      0.85      0.85       767
         15       0.84      0.90      0.87       739
         16       0.74      0.87      0.80       450
         17       0.85      0.78      0.81       310
         18       0.88      0.48      0.62        92
         19       0.88      0.92      0.90       230
         20       0.71      0.24      0.36        42
         21       0.93      0.98      0.96       247
         22       0.97      0.78      0.86        49

avg / total       0.88      0.88      0.87     84322
