             precision    recall  f1-score   support

          1       0.98      0.98      0.98      1433
          2       0.97      0.98      0.97      1546
          3       0.89      0.92      0.91      1246
          4       0.97      0.96      0.96      1614
          5       0.93      0.78      0.85        85
          6       0.96      0.95      0.96       440
          7       0.70      0.64      0.67       134
          8       0.90      0.79      0.84        92

avg / total       0.95      0.95      0.95      6590
