             precision    recall  f1-score   support

          1       0.98      0.97      0.97      3062
          2       0.97      0.98      0.97      4083
          3       0.89      0.94      0.91       751
          4       0.93      0.93      0.93       292
          5       0.93      0.89      0.91        94
          6       0.96      0.94      0.95      1161
          7       0.80      0.89      0.84        76
          8       0.97      0.94      0.96       186
          9       0.91      0.90      0.90       162
         10       0.91      0.95      0.93       112
         11       0.91      0.95      0.93       151
         12       0.92      0.97      0.95        37
         15       0.84      0.80      0.82        64
         16       0.69      0.30      0.42        37
         17       0.89      0.50      0.64        34

avg / total       0.96      0.96      0.96     10302
