             precision    recall  f1-score   support

          1       0.90      0.96      0.93      7101
          2       0.76      0.73      0.74       371
          3       0.56      0.39      0.46      1244
          4       0.82      0.66      0.73       532
          5       0.86      0.88      0.87      1155
          6       0.77      0.86      0.81      1533
          7       0.72      0.66      0.69       140
          8       0.75      0.59      0.66       408
          9       0.81      0.76      0.78       199
         10       0.72      0.71      0.71       452
         11       0.77      0.76      0.77       306
         12       0.79      0.87      0.83       378
         13       0.90      0.67      0.77        70
         14       0.82      0.67      0.74        42

avg / total       0.83      0.84      0.83     13931
