             precision    recall  f1-score   support

          1       0.97      0.99      0.98     12606
          2       0.90      0.88      0.89      1214
          3       0.77      0.84      0.80       835
          4       0.88      0.80      0.84       992
          5       0.89      0.82      0.85       734
          6       0.82      0.67      0.74       230
          7       0.77      0.45      0.57       236
          8       0.86      0.92      0.89       338

avg / total       0.94      0.94      0.94     17185
