             precision    recall  f1-score   support

          1       0.64      0.73      0.68       886
          2       0.78      0.77      0.78        88
          3       0.66      0.49      0.56       429
          4       0.69      0.73      0.71       651
          5       0.71      0.68      0.69       552
          6       0.73      0.83      0.78       161
          7       0.72      0.54      0.62        48
          8       0.79      0.77      0.78       104
          9       0.95      0.89      0.92       459
         10       0.81      0.83      0.82       395
         11       0.80      0.75      0.77       225
         14       0.78      0.75      0.77        53

avg / total       0.73      0.73      0.73      4051
