             precision    recall  f1-score   support

          1       0.54      0.56      0.55        39
          2       0.60      0.44      0.51        59
          3       0.93      0.94      0.93       275
          4       0.97      0.96      0.97       108
          6       0.80      0.87      0.83        78
          7       0.74      0.83      0.79       130
          8       0.82      0.83      0.82       115
          9       0.95      0.84      0.89        45
         10       0.98      0.89      0.93        56

avg / total       0.85      0.85      0.85       905
