             precision    recall  f1-score   support

          1       0.97      0.99      0.98      2730
          2       0.99      0.98      0.98       697
          3       0.97      0.98      0.97      1120
          4       0.87      0.88      0.88       347
          5       0.93      0.94      0.94       541
          6       0.92      0.85      0.89       226
          7       0.81      0.72      0.77       351
          8       0.99      0.99      0.99       174

avg / total       0.95      0.96      0.95      6186
