             precision    recall  f1-score   support

          1       0.81      0.84      0.82       485
          3       0.97      0.99      0.98      4263
          4       0.92      0.74      0.82        78
          5       0.89      0.76      0.82        55
          7       0.88      0.98      0.93       266
          8       0.88      0.79      0.83       105
          9       0.81      0.84      0.82       128
         10       0.94      0.85      0.89       163
         12       0.87      0.86      0.87       398
         13       0.90      0.92      0.91        48
         15       0.88      0.87      0.87       313
         16       0.91      0.93      0.92       367
         18       0.89      0.82      0.85       253
         19       0.86      0.86      0.86        94
         20       0.86      0.48      0.62        52
         21       0.66      0.43      0.52        87
         27       0.64      0.67      0.66        43
         32       0.87      0.72      0.79        36

avg / total       0.93      0.93      0.92      7234
