             precision    recall  f1-score   support

          1       0.97      0.96      0.96       686
          2       0.94      0.96      0.95       742
          3       0.85      0.81      0.83        90
          4       0.81      0.89      0.85       428
          5       0.99      0.98      0.99      1943
          6       0.93      0.95      0.94       476
          7       0.79      0.87      0.83      1019
          8       0.93      0.91      0.92       260
         10       0.52      0.25      0.34       217
         11       1.00      0.96      0.98       107
         12       0.84      0.60      0.70        45

avg / total       0.91      0.91      0.91      6013
