             precision    recall  f1-score   support

          1       0.94      0.92      0.93     25113
          2       0.95      0.94      0.94      3983
          3       0.89      0.96      0.92      3927
          4       0.90      0.88      0.89       455
          5       0.66      0.71      0.68      2282
          6       0.95      0.93      0.94      1173
          7       0.82      0.78      0.80      1567
          8       0.65      0.71      0.68       353
          9       0.70      0.83      0.76       183
         10       0.97      0.90      0.94       250
         11       0.69      0.60      0.64       314
         12       0.67      0.86      0.75       117
         13       0.89      0.94      0.92        54

avg / total       0.91      0.91      0.91     39771
