             precision    recall  f1-score   support

          1       0.91      0.96      0.93      7100
          2       0.74      0.80      0.77       371
          3       0.58      0.38      0.46      1243
          4       0.82      0.67      0.74       531
          5       0.84      0.90      0.87      1154
          6       0.79      0.85      0.82      1532
          7       0.81      0.63      0.71       140
          8       0.77      0.59      0.66       408
          9       0.90      0.69      0.78       199
         10       0.69      0.73      0.71       451
         11       0.72      0.76      0.74       305
         12       0.85      0.90      0.87       377
         13       0.86      0.63      0.73        70
         14       0.82      0.76      0.79        42

avg / total       0.83      0.84      0.83     13923
