             precision    recall  f1-score   support

          1       0.81      0.87      0.84       485
          3       0.97      0.98      0.98      4262
          4       0.90      0.70      0.79        77
          5       0.94      0.80      0.86        55
          7       0.92      0.97      0.94       266
          8       0.88      0.80      0.84       105
          9       0.90      0.78      0.84       127
         10       0.94      0.88      0.91       163
         12       0.84      0.86      0.85       397
         13       0.89      0.88      0.88        48
         15       0.87      0.87      0.87       313
         16       0.90      0.91      0.91       367
         18       0.88      0.85      0.86       252
         19       0.85      0.93      0.89        94
         20       0.80      0.54      0.64        52
         21       0.71      0.51      0.59        86
         27       0.84      0.60      0.70        43
         32       0.97      0.86      0.91        35

avg / total       0.93      0.93      0.93      7227
