             precision    recall  f1-score   support

          1       0.99      0.99      0.99      1973
          2       0.99      0.98      0.99       346
          3       0.98      1.00      0.99       302
          4       0.97      0.97      0.97       256
          5       0.99      0.93      0.96       162
          6       0.93      0.95      0.94        44
          7       0.88      0.93      0.90       227
          8       0.98      0.99      0.99      1986
          9       0.79      0.61      0.69       171
         10       0.97      0.98      0.98      3925
         11       0.97      0.97      0.97       267

avg / total       0.98      0.98      0.98      9659
