             precision    recall  f1-score   support

          1       0.85      0.86      0.85      1462
          2       0.99      1.00      0.99      3867
          3       0.97      0.98      0.98        66
          4       0.90      0.93      0.91      3741
          5       0.97      0.98      0.97      5820
          6       0.83      0.82      0.83       612
          7       0.98      0.99      0.99       885
          8       0.89      0.81      0.85       914
          9       0.84      0.89      0.86        98
         10       0.60      0.42      0.49       590
         11       0.78      0.83      0.80      1030
         12       1.00      0.82      0.90        38
         13       0.91      0.91      0.91        34
         14       0.84      0.84      0.84       139
         15       0.73      0.79      0.76        42

avg / total       0.92      0.92      0.92     19338
