             precision    recall  f1-score   support

          1       0.81      0.86      0.83       294
          2       0.83      0.89      0.86      1852
          3       0.74      0.67      0.70       771
          4       0.80      0.81      0.80       317
          5       0.98      0.96      0.97       136
          6       0.81      0.69      0.75       237
          7       0.90      0.93      0.91       385
          8       0.52      0.24      0.32       136
          9       0.79      0.77      0.78        86
         10       0.72      0.88      0.79       171
         11       0.90      0.84      0.87        68
         13       0.76      0.79      0.78       131
         14       0.85      0.77      0.81        52

avg / total       0.81      0.81      0.81      4636
