             precision    recall  f1-score   support

          1       0.95      0.90      0.93      3475
          2       0.92      0.90      0.91      1036
          3       0.94      0.96      0.95      1721
          4       0.96      0.96      0.96      1376
          5       0.89      0.95      0.92      1809
          6       0.88      0.87      0.88       549
          7       0.88      0.93      0.91      1204
          8       0.91      0.90      0.91       652
          9       0.89      0.86      0.88       700
         10       0.90      0.87      0.89       635
         11       0.57      0.61      0.59       187
         12       0.86      0.88      0.87       529
         13       0.87      0.90      0.89       505
         14       0.95      0.90      0.92        86
         15       0.94      1.00      0.97        65
         16       0.73      0.73      0.73       388
         17       0.94      0.87      0.90       188
         18       0.87      0.92      0.89       231
         19       0.73      0.71      0.72       174
         20       0.81      0.55      0.66        40

avg / total       0.91      0.91      0.91     15550
