             precision    recall  f1-score   support

          1       1.00      0.98      0.99      1552
          2       0.96      0.95      0.95       920
          3       0.93      0.90      0.92       733
          4       0.94      0.95      0.95      3116
          5       0.96      0.95      0.95      2143
          6       0.99      0.99      0.99      7526
          7       0.90      0.93      0.92       607
          8       0.97      0.96      0.97       775
          9       0.93      0.92      0.93       738
         10       0.89      0.82      0.85       209

avg / total       0.96      0.96      0.96     18319
