             precision    recall  f1-score   support

          1       0.82      0.85      0.83       648
          2       0.97      0.98      0.98       700
          3       0.94      0.89      0.91       475
          4       0.96      0.99      0.97       867
          5       0.97      0.99      0.98      1241
          6       0.90      0.92      0.91       204
          7       0.65      0.56      0.60       400
          8       0.90      0.78      0.84        79
          9       0.81      0.85      0.83        34
         10       0.96      0.83      0.89        63

avg / total       0.91      0.91      0.91      4711
