             precision    recall  f1-score   support

          1       0.93      0.97      0.95        38
          3       0.95      0.95      0.95        37
          4       1.00      0.90      0.95        10
          5       1.00      0.89      0.94         9
          6       0.89      0.89      0.89        19
          7       0.89      1.00      0.94         8
          8       0.98      0.95      0.96        42
         12       1.00      1.00      1.00         7

avg / total       0.95      0.95      0.95       170
