             precision    recall  f1-score   support

          1       0.88      0.94      0.91      2716
          2       0.98      0.97      0.97      2311
          3       0.92      0.88      0.90       684
          4       0.93      0.90      0.91      1196
          5       0.91      0.82      0.86       672
          6       0.81      0.62      0.70       120
          7       0.85      0.85      0.85       104
          8       0.30      0.32      0.31        69
         10       0.95      0.78      0.86        54
         11       0.94      0.92      0.93        53
         12       0.92      0.78      0.84        73
         13       0.86      0.84      0.85        45

avg / total       0.92      0.91      0.91      8097
