             precision    recall  f1-score   support

          1       0.96      0.97      0.96       785
          2       0.91      0.96      0.93       875
          3       0.96      0.94      0.95       434
          4       0.93      0.85      0.89       253
          5       0.89      0.79      0.84       129
          6       0.95      0.95      0.95       722
          7       0.92      0.89      0.90       252
          8       0.95      0.95      0.95       369
         11       0.96      0.84      0.90        58

avg / total       0.94      0.94      0.94      3877
