             precision    recall  f1-score   support

          1       0.95      0.97      0.96       542
          2       0.91      0.91      0.91        34
          3       0.78      0.84      0.80        79
          4       0.92      0.84      0.88        43
          8       0.99      0.93      0.96       106
         15       0.81      0.88      0.85        34
         16       0.88      0.89      0.88        71
         17       0.88      0.83      0.86        36
         20       0.85      0.63      0.72        35

avg / total       0.92      0.92      0.92       980
