             precision    recall  f1-score   support

          1       0.94      0.96      0.95       282
          2       0.90      0.94      0.92      1360
          3       0.95      0.97      0.96      3908
          4       0.99      1.00      0.99      1545
          5       0.97      0.98      0.97      2440
          6       0.98      1.00      0.99      1960
          7       0.94      0.90      0.92       359
          8       0.96      0.95      0.96       958
          9       0.88      0.88      0.88       381
         10       0.91      0.90      0.90       940
         11       0.92      0.93      0.92       996
         12       0.83      0.85      0.84       351
         13       0.90      0.91      0.91       968
         14       0.82      0.61      0.70       173
         15       0.99      0.99      0.99      1546
         16       0.91      0.95      0.93       636
         17       0.93      0.87      0.90       506
         18       0.94      0.95      0.94       222
         19       0.55      0.15      0.24       119
         20       0.95      0.86      0.91       147
         21       0.84      0.63      0.72        41
         22       0.93      0.80      0.86        65
         24       0.86      0.84      0.85       128

avg / total       0.94      0.95      0.94     20031
