             precision    recall  f1-score   support

          1       0.99      0.97      0.98      3063
          2       0.97      0.99      0.98      4083
          3       0.89      0.95      0.92       751
          4       0.95      0.94      0.94       293
          5       0.91      0.89      0.90        95
          6       0.95      0.93      0.94      1161
          7       0.88      0.86      0.87        76
          8       0.96      0.94      0.95       186
          9       0.92      0.90      0.91       162
         10       0.93      0.94      0.93       112
         11       0.92      0.95      0.93       151
         12       0.94      0.92      0.93        37
         15       0.91      0.83      0.87        64
         16       0.86      0.16      0.27        38
         17       0.77      0.29      0.42        35

avg / total       0.96      0.96      0.96     10307
