             precision    recall  f1-score   support

          2       0.94      0.88      0.91       129
          3       0.88      0.83      0.86        36
          4       0.92      0.92      0.92       370
          5       0.86      0.87      0.86       127
          6       0.86      0.96      0.91       432
          7       0.92      0.91      0.92        94
          8       0.88      0.51      0.65        43
          9       0.99      0.98      0.98       449
         10       0.84      0.79      0.81       239

avg / total       0.91      0.91      0.91      1919
