             precision    recall  f1-score   support

          1       0.99      0.98      0.98       811
          2       0.84      0.83      0.83       596
          3       0.85      0.91      0.88       785
          4       0.77      0.50      0.61       110
          5       0.90      0.94      0.92       562
          6       0.85      0.72      0.78       101
          7       0.88      0.81      0.84       119
         10       0.76      0.86      0.81        76
         12       0.88      0.68      0.77        53

avg / total       0.89      0.89      0.89      3213
