             precision    recall  f1-score   support

          1       0.79      0.80      0.79       835
          2       0.66      0.67      0.67        70
          3       0.79      0.76      0.78       232
          4       0.65      0.69      0.67        58
          5       0.63      0.71      0.67       100
          6       0.66      0.62      0.64        50
          7       0.72      0.58      0.64        85
          8       0.97      0.81      0.89        43

avg / total       0.76      0.76      0.76      1473
