             precision    recall  f1-score   support

          1       0.89      0.95      0.92     25244
          2       0.95      0.94      0.95      8393
          3       0.94      0.93      0.93      5830
          4       0.97      0.96      0.97     14569
          5       0.87      0.76      0.81      1207
          6       0.80      0.88      0.84      1760
          7       0.88      0.19      0.31        81
          8       0.89      0.88      0.89      1835
          9       0.91      0.84      0.87      2521
         10       0.94      0.93      0.94      1437
         11       0.56      0.23      0.33       722
         12       0.73      0.53      0.61       158
         13       0.83      0.43      0.57      1217
         14       0.89      0.68      0.77       136
         15       0.64      0.14      0.23       152
         16       0.74      0.26      0.39       117
         17       0.89      0.79      0.84       130
         18       0.73      0.22      0.34        87
         19       0.84      0.54      0.66        59
         20       0.84      0.87      0.86        87

avg / total       0.91      0.91      0.91     65742
