             precision    recall  f1-score   support

          1       0.66      0.84      0.74      6323
          2       0.83      0.84      0.84      2979
          3       0.72      0.41      0.52       293
          4       0.78      0.79      0.79      2898
          5       0.75      0.79      0.77      2818
          6       0.80      0.88      0.84      1092
          7       0.84      0.78      0.81        86
          8       0.47      0.44      0.45      2041
          9       0.90      0.88      0.89      1103
         10       0.55      0.47      0.50       270
         11       0.55      0.27      0.36      1509
         12       0.38      0.20      0.26      1464
         13       0.48      0.44      0.46      1670
         14       0.76      0.70      0.73       160
         15       0.85      0.82      0.84       695
         16       0.70      0.42      0.53       118
         17       0.29      0.11      0.16        44

avg / total       0.68      0.69      0.68     25563
