             precision    recall  f1-score   support

          1       0.98      0.99      0.98       751
          2       0.97      0.99      0.98       846
          3       0.89      0.93      0.91       267
          4       0.90      0.80      0.85       206
          5       0.61      0.61      0.61       171
          6       0.97      1.00      0.99       156
          7       0.99      0.98      0.99       397
          8       0.44      0.39      0.42       112
          9       0.94      0.94      0.94       194

avg / total       0.92      0.93      0.92      3100
