             precision    recall  f1-score   support

          1       0.99      0.98      0.99      1027
          2       0.76      0.86      0.81       154
          3       0.84      0.77      0.80        61
          5       0.89      0.94      0.91        34
          6       0.92      0.81      0.86        69
          7       0.78      0.84      0.81        74
          8       0.86      0.82      0.84       184
         13       0.90      0.88      0.89        43

avg / total       0.93      0.93      0.93      1646
