             precision    recall  f1-score   support

          1       0.99      1.00      0.99      9066
          2       0.85      0.89      0.87       135
          3       0.97      0.97      0.97      1444
          4       0.92      0.94      0.93       487
          5       0.94      0.97      0.95      3524
          6       0.91      0.83      0.87       589
          7       0.77      0.50      0.61       310
          8       0.44      0.12      0.19        59
          9       0.89      0.92      0.91       934
         10       0.92      0.86      0.89       147
         11       0.94      0.96      0.95       532
         12       0.96      0.96      0.96      1349
         13       0.94      0.95      0.95       551
         14       0.98      0.88      0.93       284
         15       0.81      0.88      0.84       306
         16       0.94      0.90      0.92       123
         17       1.00      0.88      0.93        88
         18       0.97      0.98      0.97       249
         19       0.89      0.90      0.89       140

avg / total       0.96      0.96      0.96     20317
