             precision    recall  f1-score   support

          1       0.99      0.99      0.99      1974
          2       0.99      0.98      0.99       347
          3       1.00      1.00      1.00       303
          4       0.98      0.98      0.98       257
          5       0.98      0.98      0.98       163
          6       0.93      0.89      0.91        44
          7       0.93      0.92      0.93       228
          8       0.98      0.99      0.99      1987
          9       0.66      0.60      0.63       172
         10       0.97      0.98      0.97      3926
         11       0.99      0.96      0.97       267

avg / total       0.97      0.97      0.97      9668
