             precision    recall  f1-score   support

          1       0.94      0.97      0.96      4458
          2       0.97      0.97      0.97      2503
          3       0.98      0.99      0.98      4809
          4       0.99      0.97      0.98       884
          5       0.88      0.94      0.91       627
          6       0.95      0.96      0.96       325
          7       0.76      0.60      0.67       114
          8       0.90      0.93      0.91      1185
          9       0.80      0.74      0.77       768
         10       0.95      0.89      0.92       110
         11       0.78      0.54      0.64       260
         12       0.92      0.90      0.91       481
         13       0.91      0.85      0.88       905
         14       0.90      0.76      0.82       168
         15       0.56      0.56      0.56       115
         16       0.90      0.97      0.93       675
         18       0.95      0.88      0.91        88
         19       0.73      0.76      0.74        42
         20       0.57      0.23      0.33        52

avg / total       0.94      0.94      0.94     18569
