             precision    recall  f1-score   support

          1       0.82      0.89      0.86      1461
          2       0.99      0.99      0.99      3866
          3       0.96      1.00      0.98        66
          4       0.92      0.92      0.92      3740
          5       0.97      0.98      0.97      5819
          6       0.87      0.84      0.86       612
          7       0.98      0.99      0.98       884
          8       0.90      0.79      0.84       914
          9       0.91      0.86      0.88        97
         10       0.64      0.41      0.50       589
         11       0.79      0.87      0.83      1029
         12       0.88      0.78      0.83        37
         13       1.00      0.85      0.92        34
         14       0.80      0.76      0.78       138
         15       0.81      0.73      0.77        41

avg / total       0.92      0.93      0.92     19327
