             precision    recall  f1-score   support

          1       0.76      0.88      0.81       312
          2       0.94      0.95      0.95      1950
          3       0.81      0.88      0.84       334
          4       0.92      0.91      0.92      1366
          5       0.93      0.88      0.90       190
          6       0.93      0.95      0.94      1232
          7       0.90      0.86      0.88       227
          8       0.97      0.92      0.94       212
          9       0.97      0.92      0.95       300
         10       0.85      0.71      0.77       146
         11       0.92      0.91      0.91       313
         12       0.65      0.45      0.53       105
         13       0.87      0.69      0.77        78

avg / total       0.91      0.91      0.91      6765
