             precision    recall  f1-score   support

          1       0.77      0.80      0.79       835
          2       0.65      0.74      0.69        70
          3       0.73      0.71      0.72       232
          4       0.77      0.57      0.65        58
          5       0.75      0.77      0.76       100
          6       0.73      0.55      0.63        49
          7       0.59      0.56      0.57        85
          8       0.90      0.86      0.88        43

avg / total       0.75      0.75      0.75      1472
