             precision    recall  f1-score   support

          1       0.82      0.78      0.80       391
          2       0.75      0.83      0.79       576
          3       0.84      0.78      0.81        63
          4       0.65      0.70      0.67        89
          5       0.72      0.58      0.64       146
          7       0.76      0.78      0.77        99
          8       0.96      0.96      0.96        49
          9       0.56      0.36      0.44        39

avg / total       0.77      0.77      0.77      1452
