             precision    recall  f1-score   support

          1       0.94      0.96      0.95      4685
          2       0.73      0.65      0.68      2537
          3       0.98      0.98      0.98      1341
          4       0.85      0.86      0.86      4519
          5       0.84      0.87      0.85      3815
          6       0.84      0.80      0.82       438
          7       0.78      0.83      0.81       399
          8       0.81      0.82      0.82       276
          9       0.75      0.21      0.33        71

avg / total       0.86      0.86      0.86     18081
