             precision    recall  f1-score   support

          1       0.99      1.00      0.99      4236
          2       1.00      0.19      0.31        70
          3       0.95      1.00      0.98       806
          4       0.83      0.93      0.88       529
          5       0.98      1.00      0.99       198
          6       0.98      0.94      0.96       268
          7       0.98      0.97      0.98       439
          8       0.95      0.98      0.96      2291
          9       0.99      0.99      0.99       498
         10       0.94      0.60      0.73       675
         11       0.92      0.98      0.95      1467
         12       0.99      0.99      0.99       547

avg / total       0.96      0.96      0.95     12024
