             precision    recall  f1-score   support

          1       0.99      0.99      0.99      4235
          2       1.00      0.23      0.38        69
          3       0.96      1.00      0.98       806
          4       0.87      0.92      0.89       529
          5       0.99      0.98      0.99       197
          6       0.97      0.96      0.97       267
          7       0.98      0.98      0.98       439
          8       0.95      0.98      0.97      2291
          9       0.99      0.99      0.99       498
         10       0.90      0.61      0.72       675
         11       0.91      0.98      0.94      1467
         12       0.97      0.99      0.98       547

avg / total       0.96      0.96      0.95     12020
