             precision    recall  f1-score   support

          1       0.94      0.94      0.94       282
          2       0.90      0.95      0.93      1360
          3       0.95      0.97      0.96      3908
          4       0.99      1.00      1.00      1546
          5       0.97      0.97      0.97      2440
          6       0.99      0.99      0.99      1961
          7       0.98      0.88      0.93       359
          8       0.96      0.96      0.96       959
          9       0.91      0.89      0.90       382
         10       0.91      0.89      0.90       941
         11       0.90      0.93      0.92       996
         12       0.85      0.84      0.85       351
         13       0.91      0.92      0.91       968
         14       0.81      0.68      0.74       173
         15       0.99      0.99      0.99      1546
         16       0.96      0.95      0.95       637
         17       0.91      0.90      0.90       506
         18       0.95      0.91      0.93       223
         19       0.52      0.19      0.28       119
         20       0.91      0.95      0.93       148
         21       0.76      0.61      0.68        41
         22       0.92      0.83      0.87        65
         24       0.94      0.86      0.90       129

avg / total       0.95      0.95      0.95     20040
