             precision    recall  f1-score   support

          1       0.96      0.99      0.97     17874
          2       1.00      0.32      0.49        34
          3       0.96      0.85      0.90       179
          4       1.00      0.38      0.55        21
          5       0.83      0.24      0.37       188
          6       0.83      0.59      0.69       117
          7       0.97      0.96      0.97       140
          8       0.50      0.08      0.14        12
          9       0.92      0.22      0.35        51
         10       0.62      0.19      0.29       123
         11       1.00      0.27      0.43        48
         12       1.00      0.95      0.97        79
         13       0.90      0.73      0.81        37
         14       0.95      0.95      0.95      1037
         15       0.98      0.97      0.98      9805
         16       1.00      1.00      1.00       743
         17       0.96      0.87      0.91       515

avg / total       0.96      0.96      0.96     31003
