             precision    recall  f1-score   support

          1       0.90      0.90      0.90        69
          2       0.88      0.84      0.86        95
          3       0.63      0.59      0.61       100
          4       0.61      0.52      0.56        54
          5       0.64      0.68      0.66       117
          6       0.67      0.58      0.62       141
          7       0.67      0.36      0.47        28
          8       0.57      0.52      0.54        25
          9       0.75      0.23      0.35        13
         10       1.00      0.89      0.94         9
         11       0.69      0.64      0.67        14
         12       1.00      0.82      0.90        11
         13       0.42      0.56      0.48         9
         14       0.00      0.00      0.00         1
         15       0.96      0.99      0.97       942
         16       0.71      0.77      0.74       267

avg / total       0.83      0.84      0.83      1895
