             precision    recall  f1-score   support

          1       0.76      0.55      0.64       392
          2       0.94      0.97      0.96      3973
          3       0.96      0.95      0.96       857
          4       0.92      0.92      0.92       338
          5       0.96      0.94      0.95        48
          6       0.74      0.76      0.75        41
          7       0.97      0.97      0.97       571
         10       0.94      0.89      0.91        88

avg / total       0.93      0.94      0.93      6308
