             precision    recall  f1-score   support

          1       0.94      0.97      0.95     25249
          2       0.96      0.95      0.96       846
          3       0.97      0.96      0.97      4721
          4       0.88      0.77      0.82       603
          5       0.84      0.86      0.85      5351
          6       0.91      0.89      0.90      3196
          7       0.98      0.99      0.99      3615
          8       0.77      0.76      0.77       352
          9       0.83      0.67      0.74      1216
         10       0.84      0.75      0.79      1576
         11       0.91      0.94      0.92       238
         12       0.74      0.70      0.72      2765
         13       0.79      0.64      0.71       500
         14       0.78      0.65      0.71       154
         15       1.00      0.98      0.99      2245
         16       0.92      0.90      0.91      1082
         18       0.95      0.84      0.89        74
         19       0.95      0.92      0.93       224
         20       0.88      0.85      0.87       221
         21       0.67      0.29      0.40       101
         22       0.87      0.90      0.88       243
         23       0.94      0.95      0.94        96
         24       0.84      0.51      0.64        84

avg / total       0.91      0.92      0.91     54752
