             precision    recall  f1-score   support

          1       0.94      0.93      0.93     25113
          2       0.95      0.93      0.94      3983
          3       0.89      0.96      0.93      3927
          4       0.89      0.91      0.90       455
          5       0.68      0.72      0.70      2282
          6       0.94      0.95      0.95      1174
          7       0.81      0.82      0.81      1568
          8       0.67      0.67      0.67       353
          9       0.70      0.75      0.72       183
         10       0.99      0.92      0.95       251
         11       0.73      0.58      0.65       314
         12       0.71      0.84      0.77       117
         13       0.91      0.93      0.92        55

avg / total       0.91      0.91      0.91     39775
