             precision    recall  f1-score   support

          1       0.53      0.48      0.51       122
          2       0.99      1.00      0.99      2709
          3       0.73      0.92      0.81        50
          4       0.55      0.56      0.55       123
          6       0.97      0.93      0.95        40
          9       0.96      0.80      0.87        69
         10       0.98      0.98      0.98        43
         13       0.78      0.78      0.78        36
         14       0.91      0.87      0.89       126
         15       0.98      0.98      0.98        58
         18       0.98      0.98      0.98       115
         21       0.95      0.92      0.94        39
         36       0.86      0.93      0.89        40

avg / total       0.95      0.95      0.95      3570
