             precision    recall  f1-score   support

          1       0.91      0.94      0.92      1155
          2       0.82      0.84      0.83        73
          3       0.89      0.91      0.90       128
          4       0.93      0.91      0.92       111
          5       0.93      0.93      0.93        46
          6       0.84      0.86      0.85       328
          7       0.78      0.70      0.74       115
          8       0.76      0.71      0.73        75
          9       0.35      0.14      0.20        44
         10       0.73      0.59      0.65        46

avg / total       0.87      0.88      0.87      2121
