             precision    recall  f1-score   support

          1       0.70      0.75      0.72        96
          2       0.67      0.69      0.68      1302
          3       0.50      0.40      0.45        72
          4       0.87      0.85      0.86       116
          5       0.94      0.96      0.95       924
          6       0.62      0.67      0.64        75
          7       0.88      0.93      0.91       153
          8       0.80      0.79      0.79       272
          9       0.91      0.97      0.94       653
         11       0.64      0.65      0.65       143
         12       0.61      0.82      0.70        57
         13       0.66      0.52      0.58       132
         14       0.91      0.97      0.94       159
         15       0.83      0.73      0.78       101
         16       0.64      0.73      0.68       180
         17       0.96      0.94      0.95       140
         18       0.97      1.00      0.98        56
         19       0.58      0.32      0.42       117
         20       0.60      0.32      0.42        37
         21       0.66      0.45      0.54       121
         22       0.64      0.59      0.61        83
         23       0.99      0.97      0.98       131

avg / total       0.79      0.79      0.79      5120
