             precision    recall  f1-score   support

          1       0.97      0.97      0.97       411
          2       0.92      0.85      0.88       281
          3       0.89      0.93      0.91       366
          5       0.95      0.89      0.92       122
          6       0.94      0.96      0.95       947
          7       0.93      0.95      0.94       571
          8       0.93      0.97      0.95       685
          9       0.99      0.97      0.98       129
         11       0.97      0.91      0.94        98
         12       0.56      0.11      0.19        44

avg / total       0.93      0.94      0.93      3654
