             precision    recall  f1-score   support

          1       0.97      0.98      0.97       750
          2       0.97      0.97      0.97       845
          3       0.89      0.91      0.90       267
          4       0.85      0.82      0.83       206
          5       0.64      0.65      0.65       170
          6       0.98      0.99      0.99       156
          7       0.98      0.98      0.98       397
          8       0.47      0.42      0.45       111
          9       0.93      0.95      0.94       193

avg / total       0.92      0.92      0.92      3095
