             precision    recall  f1-score   support

          1       0.74      0.80      0.77       944
          2       0.68      0.64      0.66      2484
          4       0.69      0.62      0.65       861
          5       0.72      0.77      0.74       782
          6       0.86      0.90      0.88      2833
          7       0.74      0.73      0.74       241
          8       0.63      0.68      0.66       160
          9       0.70      0.64      0.67       375

avg / total       0.75      0.75      0.75      8680
