             precision    recall  f1-score   support

          1       0.61      0.65      0.63        95
          2       0.67      0.71      0.69      1301
          3       0.79      0.48      0.60        71
          4       0.91      0.77      0.84       115
          5       0.93      0.95      0.94       923
          6       0.59      0.59      0.59        75
          7       0.86      0.94      0.90       153
          8       0.74      0.82      0.78       271
          9       0.92      0.98      0.95       652
         11       0.65      0.65      0.65       143
         12       0.67      0.73      0.70        56
         13       0.70      0.55      0.62       132
         14       0.90      0.94      0.92       159
         15       0.82      0.66      0.73       100
         16       0.71      0.78      0.74       179
         17       0.92      0.94      0.93       139
         18       0.98      1.00      0.99        56
         19       0.53      0.35      0.42       116
         20       0.65      0.31      0.42        36
         21       0.57      0.32      0.41       120
         22       0.59      0.47      0.52        83
         23       0.99      0.98      0.99       131

avg / total       0.79      0.79      0.78      5106
