             precision    recall  f1-score   support

          1       0.98      0.99      0.99       574
          2       0.93      0.95      0.94       672
          3       0.86      0.91      0.89        34
          4       0.94      0.95      0.95       499
          5       0.85      0.91      0.88       326
          6       0.83      0.88      0.86        51
          7       0.51      0.24      0.33        87
          8       0.47      0.33      0.38        43

avg / total       0.91      0.92      0.91      2286
