             precision    recall  f1-score   support

          2       0.91      0.87      0.89       129
          3       0.89      0.89      0.89        36
          4       0.93      0.93      0.93       370
          5       0.88      0.89      0.88       127
          6       0.86      0.94      0.90       433
          7       0.96      0.94      0.95        94
          8       0.72      0.41      0.52        44
          9       0.99      0.97      0.98       449
         10       0.82      0.80      0.81       240

avg / total       0.91      0.91      0.90      1922
