             precision    recall  f1-score   support

          1       0.85      0.84      0.85       505
          2       0.87      0.88      0.87       445
          3       0.93      0.94      0.94       841
          4       0.86      0.92      0.89       770
          5       0.87      0.94      0.90      1133
          6       0.69      0.40      0.51       441
          7       0.83      0.88      0.85       909
          8       0.88      0.81      0.84       130
          9       0.95      0.97      0.96      1350
         10       0.93      0.96      0.95      3150
         11       0.78      0.80      0.79       195
         12       0.82      0.84      0.83       839
         13       0.90      0.92      0.91       888
         14       0.45      0.22      0.30        82
         15       0.98      0.98      0.98      1643
         16       0.88      0.90      0.89       229
         17       0.89      0.75      0.81        63
         18       0.90      0.91      0.91       588
         19       0.90      0.66      0.76        58
         20       0.76      0.81      0.78        67
         21       0.82      0.68      0.75       165
         23       0.90      0.78      0.84       118
         24       0.80      0.75      0.77       217
         25       0.87      0.76      0.81        45
         26       0.55      0.41      0.47        83
         27       0.88      0.16      0.27        43

avg / total       0.89      0.90      0.89     14997
