             precision    recall  f1-score   support

          1       0.88      0.94      0.91      1627
          2       0.88      0.87      0.88       784
          3       0.93      0.89      0.91       322
          4       0.91      0.90      0.91       754
          5       0.85      0.84      0.85       471
          6       0.87      0.83      0.85       310
          7       0.88      0.83      0.85       256
          8       0.77      0.41      0.54        41
          9       0.88      0.85      0.86       209
         10       0.71      0.56      0.62        43
         11       0.82      0.63      0.71        57

avg / total       0.88      0.88      0.88      4874
