             precision    recall  f1-score   support

          1       0.93      0.91      0.92       173
          2       0.91      0.95      0.93       485
          3       0.89      0.82      0.85        39
          4       0.92      0.86      0.89       327
          5       0.98      0.96      0.97       262
          6       0.84      0.82      0.83       401
          7       0.80      0.88      0.84       320
          8       0.81      0.79      0.80       317
          9       0.96      0.96      0.96       104
         10       0.96      0.87      0.91       126
         13       0.91      0.85      0.88        59
         16       0.82      0.96      0.88       110

avg / total       0.89      0.89      0.89      2723
