             precision    recall  f1-score   support

          1       0.90      0.90      0.90       175
          2       0.86      0.90      0.88       305
          3       0.89      0.90      0.90       346
          4       0.91      0.89      0.90       263
          5       0.91      0.95      0.93       548
          6       0.90      0.87      0.88       411
          8       0.82      0.78      0.80       121
          9       0.88      0.78      0.83       189
         10       0.92      0.96      0.94       613
         11       0.83      0.83      0.83       304
         12       0.72      0.66      0.69        47
         14       0.96      0.65      0.77        37

avg / total       0.89      0.89      0.89      3359
