             precision    recall  f1-score   support

          1       0.75      0.78      0.76       945
          2       0.66      0.65      0.66      2485
          4       0.68      0.61      0.65       862
          5       0.71      0.71      0.71       783
          6       0.85      0.89      0.87      2834
          7       0.71      0.69      0.70       241
          8       0.62      0.58      0.60       161
          9       0.70      0.68      0.69       376

avg / total       0.74      0.75      0.74      8687
