             precision    recall  f1-score   support

          1       0.76      0.81      0.78      1344
          2       0.80      0.71      0.75      1900
          3       0.99      1.00      1.00      3059
          4       0.82      0.86      0.84      2145
          5       0.90      0.92      0.91      3469
          6       0.83      0.73      0.77       457
          7       0.77      0.81      0.79       507
          8       0.97      0.97      0.97       316
          9       0.77      0.78      0.78       373
         10       0.99      0.97      0.98       159
         11       0.97      0.95      0.96       455
         12       0.83      0.75      0.79        53
         13       0.90      0.89      0.90        72
         14       0.88      0.66      0.75        53
         15       0.99      0.97      0.98        96
         17       0.80      0.90      0.85        67
         19       0.92      0.89      0.91        54

avg / total       0.88      0.88      0.88     14579
