             precision    recall  f1-score   support

          1       0.94      0.97      0.95     25249
          2       0.96      0.96      0.96       846
          3       0.97      0.97      0.97      4720
          4       0.86      0.79      0.83       603
          5       0.84      0.86      0.85      5350
          6       0.91      0.90      0.90      3196
          7       0.98      0.98      0.98      3614
          8       0.75      0.77      0.76       352
          9       0.82      0.66      0.73      1215
         10       0.87      0.76      0.81      1575
         11       0.90      0.93      0.91       237
         12       0.75      0.69      0.72      2765
         13       0.85      0.57      0.69       500
         14       0.83      0.68      0.74       154
         15       1.00      0.99      0.99      2245
         16       0.91      0.90      0.91      1082
         18       0.93      0.86      0.90        74
         19       0.96      0.92      0.94       223
         20       0.93      0.86      0.89       221
         21       0.70      0.26      0.38       101
         22       0.86      0.92      0.89       242
         23       0.98      0.98      0.98        95
         24       0.88      0.45      0.60        84

avg / total       0.92      0.92      0.92     54743
