             precision    recall  f1-score   support

          1       0.79      0.69      0.73        32
          2       0.80      1.00      0.89        20
          3       0.92      0.95      0.93        59
          4       0.85      0.79      0.81        14
          5       1.00      1.00      1.00         7
          7       0.96      1.00      0.98        23
          8       0.70      0.78      0.74        36
          9       1.00      0.89      0.94        18
         11       0.93      0.96      0.94        26
         16       1.00      0.25      0.40         8

avg / total       0.87      0.86      0.86       243
