             precision    recall  f1-score   support

          1       0.62      0.20      0.30        40
          2       0.81      0.41      0.54        32
          3       0.69      0.52      0.59        21
          4       0.79      0.44      0.57        86
          5       0.92      0.38      0.54        29
          6       1.00      0.68      0.81        19
          7       0.83      0.68      0.75        37
          8       0.91      0.93      0.92      2043
          9       0.90      0.93      0.92      2266

avg / total       0.90      0.90      0.90      4573
