             precision    recall  f1-score   support

          1       0.97      0.97      0.97       231
          2       0.85      0.85      0.85       110
          3       0.94      0.90      0.92       231
          4       0.52      0.50      0.51       324
          5       0.88      0.75      0.81        67
          6       0.95      0.94      0.95       414
          7       0.87      0.90      0.88       158
          8       0.66      0.71      0.68       460
          9       1.00      0.97      0.98        59
         10       0.92      0.89      0.91        54

avg / total       0.81      0.81      0.81      2108
