             precision    recall  f1-score   support

          1       0.99      0.94      0.96        81
          2       0.96      0.97      0.96       496
          3       0.89      0.69      0.78        36
          4       0.96      0.92      0.94       127
          5       0.73      0.78      0.76       139
          6       0.77      0.87      0.82       285
          7       0.95      0.97      0.96        76
          8       0.82      0.57      0.68        47
         10       0.94      0.81      0.87        54
         11       0.92      0.79      0.85       107
         13       0.94      0.83      0.88        54

avg / total       0.89      0.89      0.89      1502
