             precision    recall  f1-score   support

          1       0.98      0.99      0.99       765
          2       0.98      0.98      0.98       247
          3       0.98      1.00      0.99      1283
          4       0.97      0.99      0.98       503
          5       1.00      0.99      0.99      1167
          6       0.93      0.97      0.95       199
          7       0.98      0.96      0.97        98
          8       0.93      0.83      0.88       238
          9       0.99      0.98      0.99       967
         10       0.99      0.99      0.99       181
         11       0.99      0.97      0.98       492
         12       0.97      0.99      0.98       491
         13       0.93      0.96      0.94       115
         15       0.98      0.97      0.97       118
         18       0.98      0.95      0.96        43
         22       0.92      0.92      0.92        37
         24       0.94      0.94      0.94        86

avg / total       0.98      0.98      0.98      7030
