             precision    recall  f1-score   support

          1       0.94      0.96      0.95      4318
          2       0.95      0.96      0.95      1995
          3       0.93      0.92      0.93       407
          4       0.97      0.98      0.98      3766
          5       0.89      0.88      0.88      1440
          6       0.75      0.61      0.67       612
          7       0.85      0.91      0.88        95
          8       0.86      0.93      0.90      5607
          9       0.92      0.88      0.90       278
         10       0.83      0.83      0.83       692
         11       0.80      0.78      0.79       141
         12       0.87      0.88      0.87       290
         13       0.99      0.98      0.99       726
         14       0.00      0.00      0.00        29
         15       0.76      0.80      0.78        44
         16       1.00      0.25      0.40        28
         17       0.91      0.72      0.81        29
         19       0.33      0.13      0.19        77
         20       0.84      0.75      0.79       166
         21       0.79      0.74      0.76      2604
         22       0.83      0.81      0.82      1809
         23       0.95      0.91      0.93       374
         24       0.86      0.83      0.85       905
         25       0.87      0.80      0.83       769
         26       0.99      1.00      0.99      1842

avg / total       0.90      0.90      0.90     29043
