             precision    recall  f1-score   support

          1       0.93      0.96      0.94      1240
          4       0.89      0.95      0.92        98
          5       0.93      0.91      0.92        45
          7       0.93      0.86      0.89        78
          8       0.88      0.78      0.83        64
         11       0.92      0.61      0.73        38
         14       0.79      0.53      0.63        36
         16       0.91      0.78      0.84        37
         19       0.92      0.97      0.94        35
         31       0.92      0.79      0.85        56
         35       0.94      0.84      0.89        57

avg / total       0.92      0.92      0.92      1784
