             precision    recall  f1-score   support

          1       0.84      0.84      0.84     11312
          2       0.79      0.69      0.74      5465
          3       0.67      0.76      0.71      9343
          4       0.90      0.89      0.90      2071
          5       0.91      0.84      0.88      1994
          6       0.80      0.67      0.73       560
          7       0.84      0.84      0.84      3210
          8       0.88      0.72      0.79        87
          9       0.74      0.58      0.65       591
         10       0.79      0.67      0.72       540
         11       0.95      0.93      0.94        56

avg / total       0.79      0.79      0.79     35229
