             precision    recall  f1-score   support

          1       0.91      0.97      0.94       365
          2       0.91      0.90      0.90       215
          4       0.75      0.78      0.77       146
          5       0.85      0.88      0.87       290
          6       0.95      0.91      0.93       100
          7       0.98      0.88      0.92        49
          9       0.92      0.87      0.89        77
         11       0.81      0.47      0.60        36
         13       0.95      0.86      0.90        63
         15       0.97      0.89      0.93        38

avg / total       0.89      0.89      0.89      1379
