             precision    recall  f1-score   support

          1       0.91      0.95      0.93      1155
          2       0.87      0.90      0.89        73
          3       0.90      0.96      0.93       128
          4       0.92      0.85      0.88       111
          5       0.98      0.89      0.93        46
          6       0.87      0.86      0.86       327
          7       0.73      0.63      0.68       115
          8       0.72      0.76      0.74        74
          9       0.31      0.11      0.17        44
         10       0.76      0.67      0.71        46

avg / total       0.87      0.88      0.87      2119
