             precision    recall  f1-score   support

          1       0.97      0.97      0.97       392
          2       0.88      0.93      0.91       758
          3       0.94      0.83      0.88        54
          4       0.84      0.85      0.85       165
          6       0.50      0.32      0.39       136
          7       0.79      0.84      0.81       183
          8       0.86      0.80      0.83        45
          9       0.89      0.99      0.94        74
         10       1.00      0.83      0.91        58

avg / total       0.86      0.87      0.87      1865
