             precision    recall  f1-score   support

          1       0.85      0.94      0.89      2030
          2       0.68      0.66      0.67       726
          3       0.82      0.71      0.76      3100
          4       0.89      0.91      0.90       830
          5       0.95      0.97      0.96      3809
          6       0.97      0.70      0.81       638
          7       0.93      0.87      0.90        76
          8       0.79      0.74      0.77        82
          9       0.54      0.45      0.49       354
         10       0.86      0.90      0.88       469
         11       0.73      0.70      0.71      1021
         12       0.71      0.82      0.76      3178
         13       0.78      0.72      0.75       253
         14       0.65      0.64      0.65        47
         15       0.72      0.37      0.49       105
         16       0.86      0.92      0.89      1450
         17       0.78      0.77      0.78      1080
         18       0.84      0.86      0.85      1873
         19       0.67      0.63      0.65       391
         20       0.62      0.67      0.64       979
         21       0.76      0.80      0.78      1263
         23       0.77      0.79      0.78       986
         24       0.73      0.55      0.63       242
         26       0.79      0.86      0.83       292
         27       0.60      0.26      0.37       171
         29       0.66      0.55      0.60        64
         30       0.54      0.35      0.42        92
         31       0.68      0.63      0.65       177
         32       0.64      0.71      0.67        76
         33       0.83      0.80      0.81       167
         34       0.60      0.33      0.42       138
         35       0.80      0.75      0.77        64
         38       0.53      0.17      0.25        48

avg / total       0.80      0.80      0.80     26271
