             precision    recall  f1-score   support

          1       0.98      0.98      0.98       196
          2       0.99      1.00      0.99      1776
          3       0.99      0.99      0.99       493
          4       0.99      0.97      0.98       146
          5       0.91      0.91      0.91        82
          6       0.98      0.94      0.96       179
          7       0.90      0.81      0.85       139
          8       0.79      0.82      0.81        74

avg / total       0.98      0.98      0.98      3085
