             precision    recall  f1-score   support

          1       0.92      0.78      0.84       279
          2       0.96      0.98      0.97      3398
          3       0.92      0.95      0.94       796
          4       0.75      0.75      0.75       531
          5       0.94      0.97      0.96       239
          6       0.57      0.48      0.52       242
          7       0.95      0.93      0.94       135
          9       0.85      0.67      0.75        69
         10       0.87      0.91      0.89       451
         12       0.93      0.91      0.92       132

avg / total       0.91      0.92      0.91      6272
