             precision    recall  f1-score   support

          1       0.69      0.53      0.60       118
          2       0.69      0.69      0.69       539
          3       0.96      0.97      0.96      3135
          4       0.71      0.73      0.72      2281
          5       0.67      0.51      0.58       106
          6       0.73      0.76      0.74       229
          7       0.66      0.64      0.65       897
          8       0.68      0.70      0.69       261

avg / total       0.81      0.81      0.81      7566
