             precision    recall  f1-score   support

          1       0.84      0.60      0.70        70
          2       0.92      0.45      0.61        77
          3       0.82      0.65      0.73        63
          4       0.65      0.54      0.59        48
          5       0.76      0.30      0.43        87
          6       0.95      0.61      0.74        64
          7       1.00      0.39      0.57        33
          8       0.98      1.00      0.99       909
          9       0.97      1.00      0.98      4749

avg / total       0.96      0.96      0.96      6100
