             precision    recall  f1-score   support

          1       0.78      0.90      0.83     16371
          2       0.61      0.34      0.43      6760
          3       0.93      0.92      0.93       911
          4       0.62      0.55      0.58       425
          5       0.93      0.94      0.93       859
          6       0.84      0.71      0.77      1404
          7       0.71      0.68      0.70      2707
          8       0.77      0.93      0.84       180
          9       0.82      0.88      0.85      5302
         10       0.75      0.70      0.73       240
         11       0.90      0.92      0.91      4772
         12       0.95      0.97      0.96      5110
         13       0.93      0.98      0.95       404
         14       0.87      0.89      0.88      2316
         15       0.62      0.53      0.57       952
         16       0.85      0.93      0.89       764
         17       0.76      0.87      0.81      3215
         18       0.88      0.96      0.92      2639
         19       0.86      0.93      0.90      1158
         20       0.85      0.91      0.88       935
         21       0.73      0.57      0.64      1000
         22       0.79      0.42      0.55       259
         23       0.82      0.76      0.79       263
         24       0.72      0.57      0.64      1393
         25       0.79      0.84      0.81       130
         26       0.84      0.92      0.88       425
         27       0.81      0.83      0.82       135
         28       0.92      0.96      0.94       193
         29       0.65      0.35      0.46        37
         30       0.86      0.91      0.88        55
         31       0.85      0.97      0.91       155

avg / total       0.80      0.81      0.80     61469
