             precision    recall  f1-score   support

          1       0.86      0.90      0.88      2984
          2       0.63      0.56      0.60      1103
          3       0.86      0.92      0.89      2980
          4       0.89      0.92      0.91       728
          6       0.60      0.48      0.53       810
          7       0.76      0.69      0.73       178
          8       0.77      0.52      0.62        66
          9       0.64      0.37      0.47       131

avg / total       0.81      0.82      0.81      8980
