             precision    recall  f1-score   support

          1       0.92      0.92      0.92      1460
          2       0.91      0.86      0.88      3167
          3       0.86      0.95      0.90      2568
          4       0.97      0.95      0.96       197
          5       0.94      0.94      0.94       588
          7       0.73      0.55      0.63       223
          8       0.88      0.92      0.90        91
          9       0.78      0.81      0.80       335
         10       0.91      0.79      0.84       210
         11       0.96      0.92      0.94       119

avg / total       0.89      0.89      0.89      8958
