             precision    recall  f1-score   support

          1       0.77      0.84      0.80     11133
          2       0.17      0.01      0.02       346
          3       0.75      0.88      0.81     18471
          4       0.90      0.90      0.90      3874
          5       0.64      0.45      0.53      2292
          6       0.78      0.91      0.84      1913
          7       0.61      0.41      0.49      2736
          8       0.74      0.69      0.72      3139
          9       0.53      0.37      0.43      3493
         10       0.70      0.52      0.59       151
         11       0.82      0.80      0.81       641
         12       0.68      0.66      0.67       340
         13       0.63      0.27      0.37      1967
         14       0.65      0.49      0.56      1018
         15       0.61      0.63      0.62       527
         16       0.74      0.80      0.77       397
         17       0.76      0.80      0.78       397
         18       0.50      0.21      0.29        97
         20       1.00      0.47      0.64        47

avg / total       0.73      0.74      0.72     52979
