             precision    recall  f1-score   support

          1       0.93      0.96      0.95     14840
          2       0.98      0.99      0.98      6880
          3       0.83      0.82      0.83      2055
          4       0.90      0.91      0.91      2261
          5       0.97      0.95      0.96      4047
          6       0.94      0.93      0.93      2454
          7       0.93      0.94      0.94      2430
          8       0.89      0.93      0.91      1348
          9       0.94      0.96      0.95      1996
         10       0.94      0.92      0.93      1686
         11       0.95      0.97      0.96      1298
         12       0.93      0.74      0.83       235
         13       0.97      0.99      0.98       189
         14       0.57      0.09      0.15       376
         15       0.84      0.71      0.77       479
         16       0.86      0.17      0.28        36
         17       0.60      0.03      0.05       108
         19       0.00      0.00      0.00        23
         20       0.00      0.00      0.00        22
         21       1.00      0.75      0.86        12
         35       0.00      0.00      0.00         9

avg / total       0.93      0.94      0.93     42784
