             precision    recall  f1-score   support

          1       0.94      0.92      0.93      1460
          2       0.89      0.87      0.88      3167
          3       0.87      0.93      0.90      2568
          4       0.94      0.93      0.94       197
          5       0.94      0.93      0.93       588
          7       0.82      0.58      0.68       223
          8       0.84      0.89      0.87        91
          9       0.82      0.87      0.84       334
         10       0.91      0.86      0.88       209
         11       0.99      0.92      0.96       118

avg / total       0.89      0.89      0.89      8955
