             precision    recall  f1-score   support

          1       0.64      0.64      0.64        95
          2       0.67      0.69      0.68      1301
          3       0.71      0.59      0.65        71
          4       0.81      0.83      0.82       115
          5       0.94      0.96      0.95       923
          6       0.57      0.49      0.53        75
          7       0.85      0.96      0.90       153
          8       0.77      0.76      0.77       271
          9       0.91      0.98      0.95       652
         11       0.64      0.69      0.66       143
         12       0.79      0.55      0.65        56
         13       0.78      0.56      0.65       132
         14       0.90      0.96      0.93       159
         15       0.77      0.75      0.76       100
         16       0.68      0.62      0.65       180
         17       0.96      0.95      0.96       140
         18       1.00      0.98      0.99        56
         19       0.53      0.47      0.50       116
         20       0.74      0.38      0.50        37
         21       0.52      0.49      0.51       120
         22       0.69      0.53      0.60        83
         23       0.98      0.99      0.99       131

avg / total       0.79      0.79      0.79      5109
