             precision    recall  f1-score   support

          1       0.93      0.95      0.94       282
          2       0.92      0.94      0.93      1361
          3       0.95      0.97      0.96      3909
          4       0.99      1.00      0.99      1546
          5       0.97      0.98      0.97      2440
          6       0.99      1.00      0.99      1961
          7       0.93      0.88      0.90       360
          8       0.96      0.96      0.96       959
          9       0.94      0.87      0.91       382
         10       0.89      0.89      0.89       941
         11       0.91      0.92      0.91       996
         12       0.85      0.85      0.85       352
         13       0.92      0.92      0.92       969
         14       0.85      0.75      0.80       173
         15       0.99      0.98      0.99      1546
         16       0.93      0.91      0.92       637
         17       0.91      0.87      0.89       506
         18       0.96      0.96      0.96       223
         19       0.47      0.12      0.19       119
         20       0.96      0.94      0.95       148
         21       0.82      0.78      0.80        41
         22       0.93      0.83      0.88        66
         24       0.93      0.88      0.91       129

avg / total       0.95      0.95      0.95     20046
