             precision    recall  f1-score   support

          1       0.92      0.96      0.94       815
          2       0.97      0.99      0.98       486
          3       0.98      0.97      0.98      1192
          4       0.96      0.99      0.98       385
          5       1.00      0.91      0.95       525
          6       0.84      0.93      0.88       117
          7       0.93      0.93      0.93       129
          8       0.92      0.76      0.83        92

avg / total       0.96      0.96      0.96      3741
