             precision    recall  f1-score   support

          1       0.67      0.70      0.68       300
          2       0.64      0.51      0.57        41
          3       0.87      0.90      0.89       351
          4       0.87      0.94      0.90       711
          5       0.75      0.70      0.72       397
          6       0.64      0.49      0.55        74
          7       0.85      0.88      0.87       304
          8       0.81      0.86      0.83       555
          9       0.71      0.50      0.58       105
         11       0.86      0.82      0.84        66
         13       0.78      0.42      0.55        69
         16       0.76      0.55      0.64        58

avg / total       0.80      0.81      0.80      3031
