             precision    recall  f1-score   support

          1       0.74      0.72      0.73       222
          2       0.90      0.95      0.93       217
          3       0.95      0.97      0.96      2547
          4       0.81      0.84      0.82       359
          5       0.96      0.95      0.95       245
          6       0.91      0.92      0.92       460
          7       0.90      0.93      0.92       623
          8       0.96      0.98      0.97       558
          9       0.78      0.81      0.80       270
         10       0.51      0.36      0.42       224
         11       0.90      0.68      0.78        76
         12       0.77      0.75      0.76       103
         13       0.61      0.64      0.62       121
         14       0.85      0.85      0.85       253
         15       0.83      0.86      0.84        72
         16       0.85      0.92      0.88       320
         17       0.79      0.87      0.83       107
         18       0.88      0.90      0.89       210
         19       0.92      0.75      0.82       119
         20       0.91      0.91      0.91       105
         21       0.79      0.43      0.56        35
         22       0.81      0.60      0.69        57
         23       0.85      0.89      0.87       322
         24       0.72      0.75      0.73       205
         25       0.75      0.83      0.79        98
         26       0.75      0.76      0.76        68
         27       0.56      0.57      0.57        40
         28       0.66      0.54      0.59        65
         29       0.75      0.51      0.61        78
         30       0.72      0.55      0.63        65
         32       0.55      0.41      0.47        39

avg / total       0.87      0.87      0.87      8283
