             precision    recall  f1-score   support

          1       0.54      0.45      0.49       122
          2       0.99      1.00      0.99      2709
          3       0.78      0.90      0.83        50
          4       0.52      0.60      0.56       124
          6       0.90      0.93      0.91        40
          9       0.98      0.74      0.85        70
         10       1.00      0.95      0.98        43
         13       0.90      0.72      0.80        36
         14       0.86      0.93      0.89       127
         15       1.00      0.95      0.97        58
         18       0.98      0.96      0.97       116
         21       0.97      0.90      0.93        39
         36       0.85      0.82      0.84        40

avg / total       0.95      0.95      0.95      3574
