             precision    recall  f1-score   support

          1       0.91      0.94      0.93       280
          2       0.88      0.92      0.90       666
          3       0.93      0.97      0.95       254
          4       0.79      0.96      0.87       193
          5       0.97      0.90      0.93        87
          6       0.93      0.96      0.94       118
          7       0.65      0.49      0.56       299
          8       0.76      0.78      0.77       188
          9       0.77      0.89      0.82       225
         10       0.78      0.82      0.80       124
         11       0.55      0.48      0.51        67
         12       0.88      0.92      0.90       214
         13       0.91      0.85      0.88       147
         14       0.62      0.41      0.49        56
         15       0.84      0.84      0.84       220
         16       0.83      0.85      0.84       223
         17       0.78      0.78      0.78       118
         18       0.39      0.16      0.23        86
         19       0.73      0.85      0.79        48
         20       0.70      0.75      0.73        53

avg / total       0.82      0.83      0.82      3666
