             precision    recall  f1-score   support

          1       0.86      0.72      0.79      1077
          2       0.97      0.99      0.98      2687
          3       0.97      0.98      0.97      5297
          4       0.94      0.96      0.95      2569
          5       0.90      0.93      0.91      1252
          6       0.99      0.99      0.99       963
          7       0.96      0.93      0.95       199
          8       0.91      0.98      0.94      1205
          9       0.86      0.68      0.76       239
         10       1.00      1.00      1.00       330
         11       0.55      0.61      0.58        75
         12       0.71      0.75      0.73       312
         13       0.83      0.95      0.89       327
         14       0.81      0.81      0.81       205
         15       0.86      0.86      0.86       138
         17       0.51      0.51      0.51        94
         18       0.63      0.26      0.37       197
         22       0.25      0.03      0.05        40
         23       0.90      0.85      0.88        33
         26       0.59      0.51      0.55        71

avg / total       0.93      0.93      0.93     17310
