             precision    recall  f1-score   support

          1       0.89      0.84      0.87        88
          2       0.79      0.87      0.82       141
          3       0.86      0.87      0.87       110
          4       0.74      0.77      0.75       103
          6       0.83      0.70      0.76        64
          7       0.94      0.91      0.92        66
         10       0.72      0.73      0.73        60
         11       0.97      0.88      0.93        42
         12       0.95      0.96      0.95        73

avg / total       0.84      0.84      0.84       747
