             precision    recall  f1-score   support

          1       0.92      0.97      0.95       903
          2       0.79      0.69      0.74       172
          3       0.84      0.83      0.83        52
          4       0.83      0.87      0.85       135
          5       0.87      0.80      0.83       134
          6       0.74      0.71      0.72       207
          7       0.92      0.96      0.94       100
          8       0.83      0.54      0.66        35
          9       0.80      0.89      0.84       160
         10       1.00      0.95      0.97        39
         12       0.77      0.57      0.66        35
         14       0.73      0.55      0.63        40
         16       0.85      0.85      0.85        48
         21       0.65      0.51      0.57        39

avg / total       0.86      0.86      0.86      2099
