             precision    recall  f1-score   support

          1       0.71      0.75      0.73      3818
          2       0.89      0.94      0.92     14139
          3       0.86      0.84      0.85      8112
          4       0.97      0.98      0.98      8315
          5       0.93      0.93      0.93      7281
          6       0.93      0.88      0.91      5069
          7       0.95      0.95      0.95      1359
          8       0.94      0.96      0.95      1014
          9       0.90      0.87      0.88       606
         10       0.97      0.97      0.97      1488
         11       0.96      0.96      0.96      2074
         12       0.93      0.92      0.93       391
         13       0.93      0.87      0.90      1059
         14       0.83      0.43      0.57       937
         15       0.93      0.87      0.90       103
         16       1.00      0.02      0.04        45
         17       0.84      0.50      0.63        42

avg / total       0.90      0.90      0.90     55852
