             precision    recall  f1-score   support

          1       0.99      0.99      0.99      1337
          2       0.98      0.95      0.96       319
          3       0.99      0.99      0.99      1096
          4       0.92      0.97      0.95       820
          5       0.91      0.92      0.91       461
          6       0.95      0.95      0.95       169
          7       0.95      0.90      0.92        41
          8       0.96      0.97      0.97        74
         10       0.86      0.84      0.85        44
         11       0.90      0.90      0.90       105
         13       0.85      0.47      0.60        62
         17       0.81      0.72      0.76        36
         18       0.93      0.93      0.93        91

avg / total       0.96      0.96      0.96      4655
