             precision    recall  f1-score   support

          1       0.99      0.99      0.99     20471
          2       1.00      1.00      1.00     17616
          3       0.98      0.98      0.98     11693
          4       0.99      0.98      0.98      5740
          5       1.00      0.99      0.99      7783
          6       0.92      0.92      0.92        48
          7       0.67      0.11      0.18        76
          8       0.75      0.70      0.72       115

avg / total       0.99      0.99      0.99     63542
