             precision    recall  f1-score   support

          1       0.77      0.83      0.80      2758
          2       0.74      0.72      0.73       602
          3       0.74      0.67      0.70       220
          4       0.65      0.65      0.65       605
          5       0.65      0.61      0.62       213
          6       0.62      0.16      0.25        82
          7       0.78      0.68      0.73        94
          8       0.41      0.17      0.24       152
          9       0.65      0.65      0.65        65

avg / total       0.73      0.74      0.73      4791
