             precision    recall  f1-score   support

          1       0.89      0.91      0.90       194
          2       0.97      0.96      0.97       238
          3       0.82      0.84      0.83        86
          4       0.88      0.83      0.86        72
          5       0.92      0.95      0.94       517
          6       0.83      0.79      0.81       103
          7       1.00      0.99      0.99        78
          9       0.95      0.74      0.83        47

avg / total       0.92      0.92      0.92      1335
