             precision    recall  f1-score   support

          1       0.58      0.55      0.56        33
          2       0.94      0.85      0.89        20
          3       0.84      0.90      0.87        59
          4       0.64      0.64      0.64        14
          5       0.71      0.62      0.67         8
          7       0.80      0.87      0.83        23
          8       0.62      0.56      0.59        36
          9       0.89      0.89      0.89        18
         11       0.92      0.88      0.90        26
         16       0.50      0.75      0.60         8

avg / total       0.76      0.76      0.76       245
