             precision    recall  f1-score   support

          1       0.76      0.86      0.81       100
          2       0.83      0.89      0.86        65
          3       0.87      0.91      0.89        66
          4       0.84      0.86      0.85       142
          5       0.80      0.73      0.76        64
          6       0.87      0.56      0.68        36
          7       0.86      0.81      0.83        52
         10       0.82      0.75      0.78        36

avg / total       0.83      0.82      0.82       561
