             precision    recall  f1-score   support

          1       0.99      1.00      1.00      1977
          2       0.97      0.95      0.96        39
          3       0.68      0.63      0.66        62
          4       0.90      0.85      0.87       195
          5       0.85      0.92      0.88       230
          6       0.74      0.79      0.76        99
          8       0.94      0.92      0.93        52
          9       0.41      0.27      0.32        45
         10       0.87      0.92      0.89        37

avg / total       0.95      0.95      0.95      2736
