             precision    recall  f1-score   support

          1       0.93      0.93      0.93      2660
          2       0.75      0.76      0.76       593
          3       0.89      0.91      0.90      1594
          4       0.86      0.85      0.85       672
          5       0.77      0.67      0.72       323
          6       0.87      0.84      0.85       479
          7       0.95      0.93      0.94       376
          8       0.85      0.88      0.86       447
          9       1.00      0.99      0.99       610
         10       0.94      0.95      0.95       171

avg / total       0.89      0.89      0.89      7925
