             precision    recall  f1-score   support

          1       0.98      0.99      0.98      3806
          2       0.98      0.97      0.98      1830
          3       0.99      0.99      0.99      5315
          4       0.97      0.98      0.98      2351
          5       0.93      0.90      0.91       606
          6       0.84      0.72      0.77       143
          7       0.78      0.68      0.73       185
          8       0.87      0.89      0.88       456
          9       0.88      0.86      0.87       171
         10       0.83      0.71      0.77        62

avg / total       0.97      0.97      0.97     14925
