             precision    recall  f1-score   support

          1       0.91      0.90      0.91       959
          2       0.96      0.99      0.97      3843
          3       0.90      0.90      0.90       783
          4       0.91      0.89      0.90       529
          5       0.78      0.65      0.71       345
          6       0.97      0.95      0.96       914
          7       0.95      0.95      0.95       321
          8       0.95      0.95      0.95       382

avg / total       0.94      0.94      0.94      8076
