             precision    recall  f1-score   support

          1       0.92      0.93      0.92      1036
          2       0.96      0.94      0.95       153
          3       0.89      0.91      0.90       160
          4       0.87      0.93      0.90       176
          5       0.87      0.88      0.87       165
          6       0.88      0.89      0.89       964
          7       0.74      0.86      0.79       104
          8       0.91      0.93      0.92       320
          9       0.90      0.91      0.90        67
         10       0.93      0.92      0.93       279
         11       0.88      0.80      0.84        45
         12       0.80      0.72      0.76       156
         13       0.67      0.10      0.17        41

avg / total       0.89      0.89      0.89      3666
