             precision    recall  f1-score   support

          1       0.94      0.94      0.94      2976
          2       0.93      0.96      0.95      6754
          3       0.97      0.98      0.98      3753
          4       0.90      0.87      0.88        70
          5       0.90      0.18      0.31        49
          6       0.92      0.66      0.77       296
          7       0.74      0.58      0.65       110
          8       0.50      0.36      0.42       182

avg / total       0.94      0.94      0.94     14190
