             precision    recall  f1-score   support

          2       0.97      0.98      0.97       287
          3       0.86      0.80      0.83        40
          6       0.96      0.99      0.98       138
          7       0.81      0.85      0.83        34
          8       0.99      0.98      0.99       181
         10       0.96      0.85      0.90        75
         11       0.90      0.90      0.90        42
         13       0.89      0.95      0.92        42

avg / total       0.95      0.95      0.95       839
