             precision    recall  f1-score   support

          1       0.89      0.86      0.88       562
          2       0.86      0.88      0.87      2397
          3       0.88      0.93      0.90      1746
          4       0.89      0.94      0.92      3443
          5       0.62      0.40      0.49      1615
          6       0.93      0.96      0.94       417
          7       0.78      0.87      0.82       237
          8       0.86      0.94      0.90      1381
          9       0.86      0.90      0.88      1240
         10       0.81      0.81      0.81       632

avg / total       0.84      0.85      0.84     13670
