             precision    recall  f1-score   support

          1       0.88      0.93      0.90      1859
          2       0.88      0.86      0.87       646
          3       0.92      0.95      0.93      2966
          4       0.96      0.97      0.96      2359
          5       0.76      0.39      0.52       112
          6       0.60      0.19      0.28       134
          7       0.76      0.59      0.67       110
          8       0.62      0.52      0.57       364
          9       0.67      0.75      0.71       452
         10       0.94      0.81      0.87        91
         11       0.87      0.62      0.72        63

avg / total       0.89      0.89      0.89      9156
