             precision    recall  f1-score   support

          1       0.73      0.78      0.75      3047
          2       0.65      0.51      0.57      2801
          3       0.84      0.90      0.87      7132
          4       0.88      0.73      0.80       114
          5       0.71      0.66      0.69        91
          6       0.90      0.89      0.90       416
          7       0.87      0.66      0.75       207
          9       0.94      0.75      0.83        67
         12       0.97      0.89      0.93        38

avg / total       0.78      0.79      0.78     13913
