             precision    recall  f1-score   support

          1       0.75      0.38      0.50        16
          2       0.72      0.80      0.76        64
          3       0.25      0.12      0.17         8
          4       0.86      0.71      0.77        17
          5       0.45      0.24      0.31        21
          6       0.46      0.93      0.61        28
          7       0.86      0.60      0.71        10
          8       1.00      0.14      0.25         7
         12       1.00      0.71      0.83         7

avg / total       0.67      0.63      0.61       178
