             precision    recall  f1-score   support

          1       0.92      0.96      0.94      1399
          2       0.95      0.98      0.97     10883
          3       0.86      0.80      0.83       382
          4       0.98      0.92      0.94       655
          5       0.95      0.97      0.96      2240
          6       0.92      0.88      0.90      2190
          7       0.94      0.87      0.90      1744
          8       0.91      0.91      0.91      3239
          9       0.93      0.95      0.94       713
         10       0.85      0.74      0.79       337
         11       0.97      0.97      0.97      1453
         13       0.00      0.00      0.00        37
         14       0.89      0.84      0.86       489
         15       0.88      0.44      0.59        50

avg / total       0.94      0.94      0.94     25811
