             precision    recall  f1-score   support

          1       0.90      0.96      0.93      2320
          2       0.98      0.99      0.99      1559
          3       0.72      0.45      0.55       487
          4       0.88      0.87      0.87       134
          5       0.83      0.89      0.86       474
          6       0.88      0.96      0.92       998
          7       0.86      0.75      0.80       487
          8       0.92      0.93      0.92       150
          9       0.82      0.80      0.81       107
         10       0.73      0.68      0.70        77
         11       0.65      0.70      0.67        93
         12       0.61      0.21      0.31       109
         13       0.63      0.61      0.62        51

avg / total       0.88      0.89      0.88      7046
