             precision    recall  f1-score   support

          1       0.95      0.97      0.96      2497
          2       0.95      0.96      0.96      2237
          3       0.98      0.98      0.98      2667
          4       0.95      0.97      0.96       346
          5       0.98      1.00      0.99        64
          6       0.94      0.92      0.93       343
          7       0.93      0.92      0.92       245
          8       0.95      0.87      0.91       218
          9       0.93      0.90      0.92       108
         10       0.96      0.74      0.83        91
         12       0.81      0.46      0.58        57

avg / total       0.96      0.96      0.96      8873
