             precision    recall  f1-score   support

          1       0.99      0.98      0.99      2532
          2       0.83      0.81      0.82      1725
          3       0.76      0.65      0.70      3433
          4       0.72      0.87      0.79      2221
          5       0.93      0.89      0.91      1560
          6       0.85      0.94      0.89      1508
          7       0.79      0.83      0.81       853
          8       0.93      0.95      0.94      1206
          9       0.84      0.82      0.83       174
         10       0.81      0.76      0.79       871
         11       0.93      0.58      0.71        69

avg / total       0.84      0.84      0.84     16152
