             precision    recall  f1-score   support

          1       0.88      0.92      0.90      1627
          2       0.88      0.89      0.88       785
          3       0.91      0.89      0.90       322
          4       0.93      0.91      0.92       754
          5       0.85      0.85      0.85       472
          6       0.84      0.83      0.83       310
          7       0.89      0.83      0.86       256
          8       0.73      0.52      0.61        42
          9       0.86      0.83      0.84       210
         10       0.62      0.70      0.66        43
         11       0.83      0.53      0.65        57

avg / total       0.88      0.88      0.88      4878
