             precision    recall  f1-score   support

          1       0.75      0.50      0.60      4142
          2       0.77      0.91      0.83     15106
          3       0.92      0.92      0.92      3893
          4       0.65      0.50      0.57       139
          5       0.59      0.36      0.45        83
          6       0.68      0.36      0.47      2013
          7       0.70      0.72      0.71       364
          8       0.74      0.72      0.73       299
          9       0.60      0.29      0.39       253
         10       0.72      0.34      0.46        96
         11       0.60      0.25      0.35        36
         13       0.77      0.50      0.60       151

avg / total       0.78      0.79      0.77     26575
