             precision    recall  f1-score   support

          1       0.60      0.64      0.62        39
          2       0.68      0.50      0.58        60
          3       0.94      0.97      0.96       276
          4       0.98      0.93      0.95       109
          6       0.88      0.86      0.87        79
          7       0.76      0.81      0.78       130
          8       0.89      0.94      0.91       115
          9       0.87      0.89      0.88        45
         10       1.00      0.93      0.96        57

avg / total       0.88      0.88      0.88       910
