             precision    recall  f1-score   support

          1       0.98      0.98      0.98      1961
          2       0.94      0.93      0.93       352
          3       0.93      0.85      0.89       146
          4       0.97      0.96      0.97       262
          6       0.96      0.98      0.97       487
          7       0.96      0.97      0.96       316
          8       0.96      0.93      0.94       266
          9       0.99      0.99      0.99       105

avg / total       0.97      0.97      0.97      3895
