             precision    recall  f1-score   support

          1       0.83      0.89      0.86       278
          2       0.92      0.92      0.92       497
          3       0.91      0.86      0.89        59
          4       0.65      0.59      0.62        51
          5       0.89      0.84      0.87        58
          6       0.82      0.91      0.86        34
          8       0.81      0.74      0.77        53
          9       0.86      0.79      0.83        39

avg / total       0.87      0.87      0.87      1069
