             precision    recall  f1-score   support

          1       0.93      0.95      0.94      4685
          2       0.73      0.63      0.67      2538
          3       0.97      0.98      0.98      1342
          4       0.85      0.87      0.86      4519
          5       0.83      0.86      0.85      3815
          6       0.80      0.83      0.81       439
          7       0.79      0.83      0.81       399
          8       0.86      0.77      0.81       276
          9       0.54      0.18      0.27        71

avg / total       0.85      0.86      0.86     18084
