             precision    recall  f1-score   support

          1       0.98      0.96      0.97       567
          2       0.97      0.99      0.98       308
          3       0.80      0.82      0.81       128
          4       0.96      0.96      0.96       302
          5       0.89      0.91      0.90       315
          6       0.66      0.52      0.58        67
          7       0.86      0.85      0.85       105
          8       0.85      0.87      0.86       127

avg / total       0.92      0.92      0.92      1919
