             precision    recall  f1-score   support

          1       0.39      0.31      0.34      2241
          2       0.61      0.67      0.64      2376
          3       0.39      0.36      0.38       639
          4       0.48      0.30      0.37       649
          5       0.36      0.38      0.37      2748
          6       0.41      0.32      0.36       991
          7       0.27      0.17      0.21      1028
          9       0.56      0.80      0.66      8022
         11       0.30      0.28      0.29      3367
         12       0.47      0.42      0.44      1367
         14       0.32      0.17      0.22       410
         15       0.39      0.24      0.30       433
         17       0.24      0.09      0.13       786
         19       0.25      0.15      0.19      2303
         21       0.50      0.49      0.49       521
         22       0.47      0.37      0.42       430
         23       0.46      0.40      0.43       360
         25       0.37      0.23      0.28       336
         30       0.29      0.14      0.19       372

avg / total       0.43      0.46      0.43     29379
