             precision    recall  f1-score   support

          1       0.62      0.68      0.65       137
          2       0.40      0.40      0.40        48
          3       0.77      0.60      0.67        72
          4       0.41      0.38      0.39        74
          5       0.61      0.69      0.65       113
          6       0.65      0.46      0.54        24
          7       0.73      0.69      0.71        16
          8       0.71      0.94      0.81        16
          9       0.83      0.67      0.74        15

avg / total       0.60      0.60      0.60       515
