             precision    recall  f1-score   support

          1       0.64      0.75      0.69       137
          2       0.60      0.62      0.61        48
          3       0.64      0.51      0.57        72
          4       0.52      0.41      0.46        75
          5       0.67      0.79      0.72       113
          6       0.75      0.50      0.60        24
          7       0.77      0.62      0.69        16
          8       0.82      0.56      0.67        16
          9       0.86      0.80      0.83        15

avg / total       0.65      0.65      0.64       516
