             precision    recall  f1-score   support

          1       1.00      1.00      1.00        26
          2       0.94      0.92      0.93        37
          3       0.88      0.95      0.92       105
          5       0.98      1.00      0.99       188
          7       0.67      0.52      0.58        31
          8       0.94      0.94      0.94        16
         11       1.00      0.89      0.94         9
         13       0.98      0.98      0.98        43
         14       0.71      0.71      0.71        35
         15       0.77      0.89      0.83        65
         17       0.88      0.70      0.78        20
         21       0.89      0.80      0.84        10
         23       1.00      0.86      0.92         7
         24       0.69      0.69      0.69        16
         26       1.00      0.88      0.93         8
         27       1.00      0.80      0.89        10
         39       0.60      0.38      0.46         8

avg / total       0.90      0.90      0.89       634
