             precision    recall  f1-score   support

          1       0.81      0.91      0.86       183
          2       0.99      0.99      0.99      1563
          3       0.94      0.97      0.95      1370
          4       0.94      0.94      0.94       609
          5       0.70      0.28      0.40        25
          6       0.93      0.62      0.74        63
          7       0.81      0.67      0.73        66
          8       1.00      0.64      0.78        11
          9       0.62      0.16      0.26        31

avg / total       0.95      0.95      0.94      3921
