             precision    recall  f1-score   support

          1       0.86      0.89      0.88       183
          2       0.98      0.98      0.98      1563
          3       0.92      0.98      0.95      1370
          4       0.96      0.93      0.95       609
          5       0.91      0.42      0.57        24
          6       0.95      0.63      0.76        62
          7       0.88      0.80      0.84        66
          8       1.00      0.45      0.62        11
          9       0.40      0.06      0.11        31

avg / total       0.95      0.95      0.94      3919
