             precision    recall  f1-score   support

          1       0.80      0.90      0.85       183
          2       0.98      0.99      0.98      1562
          3       0.94      0.97      0.95      1369
          4       0.93      0.94      0.94       609
          5       0.92      0.50      0.65        24
          6       0.91      0.48      0.63        62
          7       0.74      0.61      0.67        66
          8       1.00      0.55      0.71        11
          9       1.00      0.10      0.18        31

avg / total       0.94      0.94      0.94      3917
