             precision    recall  f1-score   support

          1       0.97      0.92      0.94        99
          2       0.85      0.91      0.88       503
          3       0.80      0.40      0.53        88
          4       0.92      0.95      0.93       131
          6       1.00      0.56      0.72        16
          7       0.75      0.82      0.78       133
          8       0.84      0.84      0.84        32
          9       0.77      0.64      0.70        36
         10       0.72      0.84      0.78        56

avg / total       0.84      0.84      0.84      1094
