             precision    recall  f1-score   support

          1       0.89      0.97      0.93       195
          2       0.94      0.53      0.68        62
          3       0.86      0.86      0.86        14
          4       0.99      0.98      0.99       164
          5       1.00      0.92      0.96        25
          6       0.85      0.97      0.90        63
          7       0.88      0.97      0.92        60
          9       1.00      0.78      0.88         9
         10       0.92      1.00      0.96        11

avg / total       0.92      0.92      0.92       603
