             precision    recall  f1-score   support

          1       0.91      0.96      0.94      2152
          2       0.66      0.52      0.58       195
          3       0.69      0.43      0.53       174
          4       0.97      0.90      0.94        84
          5       0.81      0.89      0.85        38
          6       0.79      1.00      0.88        15
          7       0.71      0.45      0.56        11
          8       0.84      0.84      0.84        45
          9       0.89      0.80      0.84        30

avg / total       0.88      0.89      0.88      2744
