             precision    recall  f1-score   support

          1       0.77      0.77      0.77        26
          2       0.91      0.95      0.93       191
          3       1.00      1.00      1.00        33
          4       0.83      0.91      0.87        33
          5       0.79      0.76      0.77        41
          6       0.67      0.20      0.31        10
          7       0.86      0.86      0.86        51
          8       0.00      0.00      0.00         8
          9       0.81      0.94      0.87        18
         10       0.80      0.89      0.84         9

avg / total       0.86      0.87      0.86       420
