             precision    recall  f1-score   support

          1       0.98      0.98      0.98      2708
          2       0.83      0.81      0.82       259
          3       0.92      0.95      0.94      1206
          4       0.73      0.84      0.78       273
          5       0.00      0.00      0.00         8
          6       0.41      0.36      0.39       291
          7       0.47      0.40      0.43       337
          8       0.76      0.77      0.77       132
          9       0.90      0.92      0.91       199
         10       0.75      0.84      0.79       130
         11       0.88      0.90      0.89       152
         13       0.95      0.86      0.90       150
         14       0.20      0.09      0.13        11
         15       0.82      0.82      0.82        28
         16       0.71      0.33      0.45        15
         17       0.91      0.59      0.71        17
         18       1.00      0.79      0.88        14
         19       0.57      0.47      0.52        17
         20       0.56      0.77      0.65        13
         22       1.00      0.83      0.91        12
         27       1.00      0.86      0.92         7

avg / total       0.87      0.88      0.87      5979
