             precision    recall  f1-score   support

          1       0.99      0.99      0.99       995
          2       0.92      0.94      0.93       514
          3       0.94      0.96      0.95       537
          4       0.85      0.76      0.80       684
          5       0.88      0.95      0.92       288
          6       0.90      0.96      0.93        95
          7       0.94      0.95      0.95       237
          8       0.91      0.92      0.91       484
          9       0.87      0.97      0.92       202
         10       0.78      0.81      0.79        26
         11       0.90      0.90      0.90       114
         12       0.90      0.91      0.91       202
         13       0.82      0.85      0.83       220
         14       0.99      0.96      0.98        82
         15       0.90      0.97      0.94        77
         16       0.75      0.86      0.80        71
         17       0.81      0.78      0.79        74
         18       0.86      1.00      0.92        12
         19       0.94      0.84      0.89        38
         20       0.89      0.57      0.70        14
         22       0.64      0.76      0.70        21
         23       0.91      0.95      0.93        22
         25       0.78      1.00      0.88         7
         26       0.63      0.44      0.52        27
         27       0.89      0.90      0.90        73
         28       0.86      0.46      0.60        13
         30       1.00      0.80      0.89        20
         31       0.62      0.50      0.56        10
         32       1.00      0.71      0.83         7
         34       0.50      0.29      0.36        14
         36       0.83      0.87      0.85        23
         37       0.50      0.62      0.56         8
         38       1.00      0.89      0.94         9
         40       0.81      0.93      0.87        28
         41       0.96      0.96      0.96        27
         42       1.00      0.78      0.88         9
         45       1.00      0.20      0.33        10
         49       1.00      0.75      0.86        16

avg / total       0.91      0.91      0.91      5310
