             precision    recall  f1-score   support

          1       0.88      0.97      0.92       195
          2       0.96      0.42      0.58        62
          3       0.85      0.85      0.85        13
          4       0.99      1.00      1.00       164
          5       1.00      0.88      0.94        25
          6       0.82      0.98      0.89        63
          7       0.84      0.90      0.87        60
          9       0.78      0.78      0.78         9
         10       1.00      0.91      0.95        11

avg / total       0.91      0.91      0.90       602
