             precision    recall  f1-score   support

          1       0.98      0.99      0.99      2609
          2       0.92      0.94      0.93       714
          3       1.00      0.91      0.95        11
          4       0.88      0.77      0.82       784
          5       0.97      0.99      0.98       379
          6       0.82      0.91      0.87        67
          7       0.92      0.71      0.80        17
          8       0.89      0.93      0.91       234
          9       0.82      0.72      0.77        25
         10       0.94      0.92      0.93       105
         11       0.74      0.69      0.71        45
         12       0.82      0.96      0.88       360
         13       0.94      0.99      0.96        78
         14       0.92      1.00      0.96        70
         15       0.70      0.76      0.73        42
         16       1.00      1.00      1.00        19
         17       0.94      0.91      0.92        33
         18       0.94      0.85      0.89        20
         21       0.91      0.80      0.85        25
         24       0.97      0.83      0.90        36
         26       1.00      0.53      0.69        19
         29       0.67      0.36      0.47        11
         30       0.59      0.50      0.54        20
         31       1.00      0.94      0.97        17
         32       1.00      1.00      1.00        19
         34       1.00      0.75      0.86         8

avg / total       0.93      0.93      0.93      5767
