             precision    recall  f1-score   support

          1       0.72      0.74      0.73        93
          2       0.72      0.78      0.75       494
          3       0.64      0.54      0.59       196
          4       0.60      0.53      0.56        17
          5       0.81      0.93      0.87        28
          6       0.70      0.66      0.68        68
          7       0.80      0.71      0.75        34
          8       0.75      0.94      0.83        16
          9       0.65      0.44      0.52        25
         10       1.00      0.71      0.83         7

avg / total       0.71      0.71      0.71       978
