             precision    recall  f1-score   support

          1       0.97      0.94      0.96      1124
          2       0.68      0.90      0.78       145
          3       0.91      0.79      0.85        67
          4       0.92      0.89      0.90        53
          5       0.86      0.91      0.88        33
          6       0.90      0.92      0.91        71
          7       0.94      0.88      0.91        17
          8       0.87      0.94      0.90       126
          9       0.60      0.43      0.50         7
         11       0.75      0.33      0.46         9
         12       0.90      1.00      0.95        19
         13       0.00      0.00      0.00         9

avg / total       0.92      0.92      0.92      1680
