             precision    recall  f1-score   support

          1       0.96      0.97      0.96      1270
          2       0.91      0.96      0.93       540
          3       0.74      0.83      0.78       134
          4       0.77      0.74      0.75       201
          5       0.97      0.94      0.96       136
          6       0.92      0.93      0.92       501
          7       0.77      0.60      0.68       153
          8       1.00      0.15      0.27        13

avg / total       0.91      0.91      0.91      2948
