             precision    recall  f1-score   support

          1       0.98      0.99      0.98     12880
          2       0.91      0.83      0.87     12245
          3       0.92      0.98      0.95       820
          4       0.85      0.88      0.87       113
          5       0.96      0.98      0.97     13341
          6       0.87      0.91      0.89      4729
          7       0.89      0.90      0.90       857
          8       0.87      0.92      0.90      2509
          9       0.83      0.91      0.87       394
         10       0.86      0.92      0.89      2382
         11       0.94      0.65      0.77        26
         12       1.00      0.76      0.86        25
         13       0.83      0.86      0.85       348
         14       0.83      0.86      0.84       840
         15       0.91      0.93      0.92       392
         16       0.88      0.90      0.89      1240
         17       0.78      0.94      0.85       212
         18       0.91      0.94      0.92       917
         19       0.89      0.91      0.90       539
         20       0.87      0.87      0.87       474
         21       0.67      0.79      0.73       111
         22       0.66      0.69      0.67       296
         23       0.98      0.96      0.97       237
         24       0.92      0.84      0.88       244
         25       0.96      0.99      0.98       446
         26       0.79      0.90      0.84       149
         27       0.78      0.76      0.77       217
         28       0.94      0.47      0.62       107
         29       0.93      0.91      0.92       245
         30       0.84      0.66      0.74       122
         31       0.83      0.88      0.86       113
         32       0.92      0.99      0.95        70
         33       0.89      0.98      0.94       112
         34       0.86      0.83      0.84        23
         36       0.95      0.86      0.90        22
         37       1.00      0.75      0.86         8
         38       0.88      0.96      0.92        23
         39       0.76      0.54      0.63        63
         40       0.93      0.93      0.93        54
         41       0.84      0.78      0.81        49
         42       1.00      0.86      0.92        14
         43       1.00      0.97      0.98        96
         44       0.48      0.44      0.46        25
         45       0.67      0.58      0.62        24
         47       1.00      0.53      0.69        17
         48       1.00      0.30      0.46        10
         50       0.50      0.18      0.27        11
         51       0.71      0.55      0.62        22
         53       0.94      0.85      0.89        20
         56       0.67      0.83      0.74        12

avg / total       0.92      0.92      0.92     58245
