             precision    recall  f1-score   support

          1       0.99      0.99      0.99       996
          2       0.93      0.95      0.94       515
          3       0.95      0.95      0.95       538
          4       0.83      0.76      0.80       685
          5       0.92      0.88      0.90       288
          6       0.83      0.95      0.88        95
          7       0.94      0.94      0.94       238
          8       0.87      0.96      0.92       485
          9       0.87      0.94      0.90       203
         10       0.84      0.78      0.81        27
         11       0.83      0.96      0.89       115
         12       0.96      0.88      0.92       203
         13       0.83      0.91      0.87       221
         14       0.95      0.98      0.96        83
         15       0.87      0.84      0.86        77
         16       0.86      0.90      0.88        72
         17       0.85      0.83      0.84        75
         18       1.00      0.62      0.76        13
         19       0.92      0.87      0.89        38
         20       0.82      0.60      0.69        15
         22       0.63      0.86      0.73        22
         23       0.96      0.96      0.96        23
         25       1.00      0.12      0.22         8
         26       0.74      0.61      0.67        28
         27       0.93      0.92      0.93        74
         28       0.83      0.71      0.77        14
         30       0.89      0.81      0.85        21
         31       0.80      0.40      0.53        10
         32       0.75      0.75      0.75         8
         34       0.50      0.13      0.21        15
         36       1.00      0.83      0.91        24
         37       0.67      0.25      0.36         8
         38       1.00      1.00      1.00        10
         40       0.81      0.76      0.79        29
         41       1.00      1.00      1.00        28
         42       0.80      0.80      0.80        10
         45       0.50      0.18      0.27        11
         49       0.89      0.94      0.91        17

avg / total       0.91      0.91      0.90      5342
