             precision    recall  f1-score   support

          1       0.75      0.75      0.75       973
          2       0.89      0.92      0.90       216
          3       0.92      0.91      0.91       635
          4       0.73      0.86      0.79      1232
          5       0.70      0.56      0.62       518
          6       0.99      0.98      0.98       128
          7       0.83      0.81      0.82       462
          8       0.87      0.47      0.61        99
          9       0.82      0.66      0.73       157
         10       0.72      0.49      0.59        97

avg / total       0.79      0.79      0.78      4517
