             precision    recall  f1-score   support

          1       0.98      0.99      0.98      2608
          2       0.89      0.93      0.91       714
          3       1.00      0.60      0.75        10
          4       0.88      0.78      0.83       783
          5       0.96      0.97      0.97       378
          6       0.90      0.94      0.92        67
          7       0.93      0.82      0.87        17
          8       0.89      0.92      0.91       233
          9       0.79      0.88      0.83        25
         10       0.98      0.83      0.90       104
         11       0.70      0.86      0.78        44
         12       0.87      0.95      0.91       359
         13       0.91      0.96      0.94        77
         14       0.93      0.99      0.96        70
         15       0.77      0.49      0.60        41
         16       1.00      1.00      1.00        18
         17       0.83      0.91      0.87        32
         18       1.00      0.68      0.81        19
         21       0.91      0.83      0.87        24
         24       0.94      0.97      0.96        35
         26       0.79      0.61      0.69        18
         29       0.58      0.70      0.64        10
         30       0.83      0.26      0.40        19
         31       1.00      0.88      0.94        17
         32       1.00      0.95      0.97        19
         34       0.86      0.86      0.86         7

avg / total       0.93      0.93      0.93      5748
