             precision    recall  f1-score   support

          1       0.99      1.00      0.99       849
          4       0.85      0.85      0.85        26
          6       0.58      0.85      0.69        13
          7       1.00      0.90      0.95        49
          8       1.00      0.44      0.62         9
          9       0.89      0.89      0.89         9
         10       0.43      0.33      0.38         9
         11       0.89      1.00      0.94        17
         12       0.53      0.70      0.60        23
         13       0.86      0.50      0.63        12

avg / total       0.96      0.96      0.96      1016
