             precision    recall  f1-score   support

          1       0.97      0.96      0.96      1124
          2       0.72      0.82      0.77       146
          3       0.88      0.76      0.82        67
          4       0.98      0.96      0.97        53
          5       0.97      0.91      0.94        33
          6       0.92      0.93      0.92        71
          7       0.89      0.89      0.89        18
          8       0.85      0.96      0.90       126
          9       1.00      0.62      0.77         8
         11       0.82      0.90      0.86        10
         12       1.00      0.84      0.91        19
         13       0.00      0.00      0.00         9

avg / total       0.93      0.93      0.93      1684
