             precision    recall  f1-score   support

          1       0.54      0.38      0.44       132
          2       0.69      0.71      0.70       636
          3       0.41      0.42      0.42        38
          4       0.52      0.54      0.53       314
          5       0.67      0.79      0.72       176
          6       0.99      0.95      0.97        93
          7       0.58      0.25      0.35        44
          8       0.82      0.78      0.80        18

avg / total       0.65      0.65      0.64      1451
