             precision    recall  f1-score   support

          1       0.86      0.83      0.84       176
          2       0.84      0.87      0.85       153
          3       0.88      0.92      0.90       213
          4       0.78      0.83      0.80       506
          5       0.75      0.71      0.73       143
          6       0.75      0.82      0.79        80
          7       1.00      0.43      0.60         7
          8       0.86      0.81      0.83        53
         10       0.97      0.86      0.91        37
         11       1.00      0.14      0.24        22
         12       0.54      0.36      0.43        36
         14       0.88      0.64      0.74        11
         15       0.83      0.79      0.81        19

avg / total       0.81      0.81      0.80      1456
