             precision    recall  f1-score   support

          1       0.89      0.89      0.89       177
          2       0.85      0.82      0.84       154
          3       0.91      0.90      0.91       214
          4       0.76      0.84      0.80       507
          5       0.71      0.68      0.69       144
          6       0.75      0.81      0.78        81
          7       1.00      0.38      0.55         8
          8       0.90      0.83      0.87        54
         10       0.97      0.92      0.95        38
         11       0.46      0.26      0.33        23
         12       0.50      0.19      0.27        37
         14       0.69      0.75      0.72        12
         15       0.80      0.63      0.71        19

avg / total       0.80      0.81      0.80      1468
