             precision    recall  f1-score   support

          1       0.90      0.93      0.91     12753
          2       0.57      0.37      0.45       471
          3       0.89      0.96      0.93      2956
          4       0.95      0.96      0.96      9185
          5       0.66      0.60      0.63      1027
          7       0.79      0.76      0.77      1052
          9       0.72      0.70      0.71      1324
         11       0.67      0.51      0.57       338
         12       0.85      0.79      0.82      1444
         13       0.84      0.71      0.77       787
         14       0.86      0.76      0.81       358

avg / total       0.88      0.89      0.88     31695
