             precision    recall  f1-score   support

          1       0.95      0.98      0.97     35118
          2       0.92      0.96      0.94     70976
          3       0.88      0.91      0.90     37419
          4       0.85      0.85      0.85     32085
          5       0.87      0.85      0.86      3090
          6       0.83      0.85      0.84     20615
          7       0.92      0.95      0.93     16303
          8       0.83      0.80      0.81     10465
          9       0.82      0.73      0.77     16550
         10       0.89      0.88      0.89     13618
         11       0.84      0.73      0.78      4932
         12       0.86      0.80      0.83      5498
         13       0.94      0.95      0.94     32585
         14       0.91      0.78      0.84       666
         15       0.81      0.79      0.80      9479
         16       0.78      0.68      0.73      8626
         17       0.85      0.73      0.79      4293
         18       0.82      0.88      0.85       998
         19       0.76      0.63      0.69      5373
         21       0.81      0.63      0.71      1441
         22       0.90      0.85      0.88      2685

avg / total       0.89      0.89      0.89    332815
