             precision    recall  f1-score   support

          1       1.00      1.00      1.00    121095
          2       0.97      0.98      0.98     34192
          3       0.93      0.94      0.94      7072
          4       0.97      0.97      0.97      4793
          5       0.93      0.93      0.93      4014
          6       0.97      0.96      0.97      5920
          7       0.92      0.95      0.93      9406
          8       0.94      0.96      0.95      2308
          9       0.94      0.97      0.95       364
         10       0.94      0.92      0.93      3877
         11       0.50      0.00      0.00       466
         12       0.99      0.99      0.99      4736
         13       0.99      0.97      0.98      1200
         14       0.96      0.93      0.94       322

avg / total       0.98      0.98      0.98    199765
