             precision    recall  f1-score   support

          1       0.95      0.98      0.97     21071
          2       0.92      0.96      0.94     42586
          3       0.89      0.91      0.90     22452
          4       0.85      0.86      0.85     19252
          5       0.89      0.88      0.88      1854
          6       0.84      0.86      0.85     12369
          7       0.92      0.94      0.93      9782
          8       0.83      0.82      0.82      6279
          9       0.83      0.73      0.78      9930
         10       0.89      0.89      0.89      8171
         11       0.87      0.73      0.79      2960
         12       0.86      0.79      0.82      3299
         13       0.94      0.95      0.95     19551
         14       0.89      0.76      0.82       400
         15       0.81      0.80      0.81      5688
         16       0.78      0.69      0.73      5176
         17       0.86      0.74      0.79      2576
         18       0.83      0.87      0.85       599
         19       0.77      0.63      0.70      3224
         21       0.83      0.63      0.72       865
         22       0.90      0.86      0.88      1611

avg / total       0.89      0.89      0.89    199695
