             precision    recall  f1-score   support

          1       0.95      0.98      0.97     21071
          2       0.92      0.96      0.94     42586
          3       0.89      0.92      0.90     22451
          4       0.85      0.86      0.86     19251
          5       0.87      0.86      0.87      1854
          6       0.84      0.85      0.85     12369
          7       0.92      0.94      0.93      9782
          8       0.84      0.81      0.82      6279
          9       0.83      0.74      0.78      9930
         10       0.89      0.88      0.89      8170
         11       0.85      0.73      0.78      2959
         12       0.86      0.82      0.84      3299
         13       0.94      0.95      0.94     19551
         14       0.91      0.81      0.85       400
         15       0.82      0.79      0.81      5687
         16       0.79      0.69      0.73      5175
         17       0.86      0.73      0.79      2576
         18       0.82      0.88      0.85       599
         19       0.76      0.63      0.69      3223
         21       0.82      0.62      0.71       865
         22       0.91      0.85      0.88      1611

avg / total       0.89      0.89      0.89    199688
