             precision    recall  f1-score   support

          1       0.98      0.97      0.98     10043
          2       0.99      0.99      0.99     12763
          3       0.90      0.94      0.92      2236
          4       0.93      0.81      0.86      1396
          5       0.99      1.00      0.99     91479
          6       0.99      0.99      0.99     28848
          7       0.98      0.98      0.98     21469
          8       0.98      0.96      0.97      1432
          9       0.97      0.96      0.97      1779
         11       0.96      0.90      0.93       980
         14       0.92      0.74      0.82       569
         15       0.89      0.80      0.84       599
         18       0.90      0.82      0.86       337

avg / total       0.99      0.99      0.99    173930
