             precision    recall  f1-score   support

          1       0.88      0.87      0.88    372056
          2       0.94      0.98      0.96    925606
          3       0.81      0.83      0.82    616108
          4       0.89      0.95      0.92   1899247
          5       0.87      0.91      0.89   1063910
          6       0.82      0.85      0.83    949497
          7       0.88      0.89      0.88    126595
          8       0.77      0.56      0.65     55174
          9       0.81      0.72      0.76    589347
         10       0.90      0.94      0.92    450015
         11       0.81      0.79      0.80    304293
         12       0.84      0.69      0.76    146660
         13       0.84      0.76      0.80    173602
         14       0.78      0.68      0.73    282016
         15       0.93      0.94      0.93    960742
         16       0.90      0.76      0.82     38230
         17       0.82      0.69      0.75    170570
         18       0.77      0.63      0.69    181220
         19       0.80      0.79      0.80    259749
         20       0.84      0.65      0.73      5193
         21       0.67      0.05      0.10     33530
         22       0.79      0.87      0.83     28844
         23       0.94      0.78      0.85      8171
         24       0.72      0.63      0.67     88520
         25       0.87      0.83      0.85     94960
         26       0.82      0.76      0.79     16855
         27       0.00      0.00      0.00      1796
         28       0.20      0.00      0.00      1014

avg / total       0.86      0.87      0.86   9843520
