             precision    recall  f1-score   support

          1       0.95      0.98      0.96     35118
          2       0.92      0.96      0.94     70977
          3       0.88      0.91      0.89     37419
          4       0.84      0.85      0.85     32086
          5       0.86      0.85      0.86      3090
          6       0.84      0.85      0.84     20615
          7       0.92      0.94      0.93     16304
          8       0.81      0.79      0.80     10465
          9       0.81      0.72      0.76     16550
         10       0.89      0.88      0.88     13618
         11       0.83      0.70      0.76      4932
         12       0.84      0.78      0.81      5499
         13       0.94      0.94      0.94     32585
         14       0.88      0.49      0.63       667
         15       0.80      0.79      0.80      9480
         16       0.77      0.67      0.72      8626
         17       0.85      0.73      0.79      4294
         18       0.82      0.88      0.85       998
         19       0.72      0.54      0.62      5373
         20       0.98      0.93      0.95       219
         21       0.79      0.64      0.71      1442
         22       0.88      0.84      0.86      2685
         23       0.92      0.91      0.92       895
         24       0.77      0.71      0.73       143
         25       1.00      0.05      0.10        57
         26       0.75      0.27      0.40      1174
         27       0.87      0.90      0.89     12300
         28       0.85      0.94      0.90     24447
         29       0.85      0.65      0.74      1210
         30       0.65      0.47      0.54       204
         31       0.93      0.74      0.82      1969
         32       0.84      0.88      0.86      2030

avg / total       0.88      0.88      0.88    377471
