             precision    recall  f1-score   support

          1       0.14      0.15      0.15      7333
          2       0.40      0.25      0.31     26000
          3       0.44      0.57      0.50      1333
          4       0.67      0.70      0.69     60000
          5       0.75      0.68      0.71     21333
          6       0.55      0.50      0.52     62666
          7       0.68      0.55      0.61     10000
          8       0.69      0.58      0.63     28666
          9       0.16      0.16      0.16      9333
         10       0.33      0.32      0.33      8000
         11       0.48      0.45      0.46     30000
         12       0.16      0.17      0.16     14000
         13       0.26      0.62      0.36     17333
         14       0.36      0.29      0.32     10666
         15       0.18      0.17      0.18      6000
         16       0.04      0.06      0.05      4000
         17       0.17      0.12      0.14      4666
         18       0.44      0.35      0.39      4666
         19       0.53      0.45      0.49      7333

avg / total       0.50      0.48      0.48    333328
