             precision    recall  f1-score   support

          1       0.93      0.88      0.91      2719
          2       0.97      0.91      0.94     13880
          3       0.64      0.93      0.76      5000
          4       0.90      0.78      0.84     32900
          5       0.76      0.91      0.83     27557
          6       0.88      0.47      0.61     39684
          7       0.97      0.97      0.97      2856
          8       0.99      0.90      0.94     18119
          9       0.66      0.99      0.79     12478
         10       0.84      0.81      0.83      1758
         11       0.86      0.89      0.87     24251
         12       0.30      0.89      0.45      6192
         13       0.87      0.76      0.81      5106
         14       0.91      0.85      0.88      3883
         15       0.93      0.92      0.92      2100
         16       0.91      0.87      0.89      1518

avg / total       0.85      0.80      0.80    200001
