             precision    recall  f1-score   support

          1       0.57      0.89      0.70      2719
          2       0.52      0.36      0.43     13881
          3       0.98      0.91      0.94      5000
          4       0.69      0.90      0.78     32900
          5       0.76      0.92      0.83     27557
          6       0.76      0.58      0.65     39684
          7       0.88      0.95      0.92      2856
          8       0.79      0.99      0.88     18119
          9       0.29      0.02      0.03     12478
         10       0.44      0.82      0.57      1759
         11       0.50      0.48      0.49     24251
         12       0.48      0.04      0.07      6192
         13       0.45      0.72      0.55      5106
         14       0.52      0.87      0.65      3883
         15       0.49      0.93      0.64      2100
         16       0.52      0.89      0.65      1519

avg / total       0.65      0.67      0.63    200004
