             precision    recall  f1-score   support

          1       0.22      0.26      0.24      7333
          2       0.41      0.38      0.40     26000
          3       0.36      0.77      0.49      1334
          4       0.67      0.71      0.69     60000
          5       0.64      0.73      0.68     21334
          6       0.50      0.56      0.53     62667
          7       0.64      0.47      0.54     10000
          8       0.73      0.54      0.62     28667
          9       0.14      0.13      0.14      9334
         10       0.36      0.30      0.33      8000
         11       0.45      0.45      0.45     30000
         12       0.21      0.15      0.18     14000
         13       0.46      0.46      0.46     17334
         14       0.44      0.43      0.43     10667
         15       0.19      0.20      0.19      6000
         16       0.16      0.11      0.13      4000
         17       0.20      0.18      0.19      4667
         18       0.37      0.56      0.45      4667
         19       0.49      0.36      0.41      7334

avg / total       0.50      0.50      0.50    333338
