             precision    recall  f1-score   support

          1       0.40      0.92      0.56      2718
          2       0.89      0.99      0.94     13880
          3       0.76      0.95      0.84      5000
          4       0.72      0.75      0.74     32900
          5       0.65      0.77      0.71     27557
          6       0.88      0.66      0.75     39683
          7       0.94      0.97      0.96      2856
          8       0.94      0.80      0.86     18119
          9       0.88      0.82      0.85     12478
         10       0.74      0.81      0.77      1758
         11       0.79      0.73      0.76     24250
         12       0.55      0.82      0.66      6191
         13       0.75      0.70      0.72      5105
         14       0.77      0.85      0.81      3882
         15       0.90      0.91      0.90      2100
         16       0.88      0.87      0.88      1518

avg / total       0.79      0.77      0.78    199995
