             precision    recall  f1-score   support

          1       0.34      0.26      0.29      7333
          2       0.46      0.49      0.47     26000
          3       0.25      0.73      0.37      1333
          4       0.70      0.76      0.73     60000
          5       0.76      0.78      0.77     21333
          6       0.66      0.66      0.66     62667
          7       0.62      0.89      0.73     10000
          8       0.73      0.55      0.63     28667
          9       0.20      0.14      0.16      9333
         10       0.40      0.28      0.33      8000
         11       0.59      0.53      0.56     30000
         12       0.34      0.31      0.32     14000
         13       0.52      0.58      0.55     17333
         14       0.48      0.59      0.53     10667
         15       0.31      0.24      0.27      6000
         16       0.05      0.04      0.04      4000
         17       0.37      0.35      0.36      4667
         18       0.59      0.65      0.62      4667
         19       0.54      0.65      0.59      7333

avg / total       0.58      0.58      0.58    333333
