             precision    recall  f1-score   support

          1       0.83      0.72      0.77       349
          2       0.71      0.71      0.71       308
          3       0.79      0.75      0.77      1011
          4       0.90      0.93      0.92       949
          5       0.94      0.93      0.93       468
          6       0.82      0.79      0.80       298
          7       0.91      0.94      0.92      1906
          8       0.99      1.00      0.99       454
          9       0.85      0.81      0.83       643
         10       0.88      0.89      0.88      1097
         11       0.73      0.75      0.74       147
         12       0.89      0.90      0.90       735
         13       0.90      0.95      0.92       165
         14       0.91      0.84      0.87       244
         15       0.89      0.95      0.92       280
         16       0.87      0.91      0.89      1246
         17       0.67      0.46      0.55       121
         18       0.94      0.77      0.85        93
         19       0.72      0.69      0.70      1015
         20       0.96      0.97      0.96       733
         21       0.90      0.97      0.93       277
         22       0.82      0.76      0.79       363
         23       0.72      0.53      0.61       213
         24       0.94      0.97      0.96      1254
         25       0.83      0.90      0.86       802
         26       0.82      0.76      0.79       129
         27       0.82      0.84      0.83       548
         28       1.00      1.00      1.00        14
         29       0.94      0.97      0.96       361
         30       0.80      0.92      0.86       499
         31       0.78      0.81      0.79       108
         32       0.64      0.64      0.64        11
         33       0.79      0.85      0.82       143
         34       0.64      0.39      0.48        18
         35       0.43      0.19      0.26        48
         36       1.00      0.91      0.95        11
         37       0.88      0.90      0.89       191
         38       0.84      0.92      0.88       125
         39       0.69      0.72      0.70       257
         40       0.92      0.78      0.84        73
         41       1.00      0.87      0.93        30
         42       0.82      0.61      0.70        87
         43       0.91      0.98      0.95        62
         44       0.85      0.69      0.76        48
         45       1.00      0.91      0.95        33
         46       0.80      0.75      0.77        16
         47       0.87      0.95      0.91       197
         48       0.84      0.88      0.86        43
         49       0.72      0.55      0.62       181
         50       0.97      1.00      0.99        35
         51       0.91      0.86      0.89       124
         52       1.00      0.53      0.69        17
         53       0.82      0.50      0.62        18
         54       0.82      0.69      0.75        13

avg / total       0.86      0.86      0.86     18611
