             precision    recall  f1-score   support

          1       0.98      0.99      0.98      8676
          2       0.91      0.94      0.92     54085
          3       0.85      0.86      0.85      3166
          4       0.90      0.85      0.87      7380
          5       0.91      0.91      0.91     16716
          6       0.89      0.92      0.90     22267
          7       0.89      0.89      0.89     18240
          8       0.90      0.88      0.89      3971
          9       0.89      0.91      0.90     22151
         10       0.92      0.96      0.94     14668
         11       0.86      0.80      0.83      6406
         12       0.86      0.72      0.78      1679
         13       0.87      0.89      0.88      1272
         14       0.94      0.94      0.94      4463
         15       0.93      0.89      0.91      6935
         16       0.92      0.89      0.91       482
         17       0.89      0.67      0.77       726
         18       0.90      0.71      0.79       833
         19       0.63      0.63      0.63      1218
         20       0.92      0.93      0.93      2327
         21       0.95      0.72      0.82      1181
         22       0.55      0.07      0.12       704
         23       0.47      0.17      0.25       275
         24       0.00      0.00      0.00        48
         25       0.70      0.51      0.59       122

avg / total       0.90      0.90      0.90    199991
