             precision    recall  f1-score   support

          1       0.98      0.99      0.98      8676
          2       0.91      0.94      0.92     54086
          3       0.84      0.83      0.84      3166
          4       0.90      0.85      0.88      7380
          5       0.91      0.91      0.91     16717
          6       0.89      0.91      0.90     22268
          7       0.90      0.89      0.89     18240
          8       0.90      0.88      0.89      3972
          9       0.89      0.91      0.90     22152
         10       0.93      0.95      0.94     14668
         11       0.86      0.81      0.84      6406
         12       0.85      0.73      0.79      1679
         13       0.88      0.88      0.88      1272
         14       0.94      0.95      0.95      4464
         15       0.93      0.89      0.91      6936
         16       0.93      0.91      0.92       482
         17       0.88      0.65      0.74       726
         18       0.87      0.71      0.78       833
         19       0.64      0.64      0.64      1218
         20       0.91      0.92      0.92      2327
         21       0.95      0.75      0.84      1181
         22       0.64      0.09      0.15       705
         23       0.41      0.18      0.25       275
         24       0.00      0.00      0.00        49
         25       0.74      0.55      0.63       122

avg / total       0.90      0.90      0.90    200000
