             precision    recall  f1-score   support

          1       0.97      0.98      0.98      5090
          2       0.98      0.99      0.98      4466
          3       0.97      0.95      0.96      1826
          4       0.98      0.94      0.96       529
          5       0.99      0.98      0.99       305
          6       0.95      0.94      0.94       935
          7       0.93      0.87      0.90       171
          8       0.97      0.95      0.96       526
          9       0.98      0.93      0.95       472
         10       0.97      0.99      0.98       155

avg / total       0.97      0.97      0.97     14475
