             precision    recall  f1-score   support

          1       0.97      0.99      0.98      5090
          2       0.98      0.98      0.98      4466
          3       0.97      0.95      0.96      1826
          4       0.99      0.95      0.97       529
          5       1.00      0.98      0.99       305
          6       0.97      0.93      0.95       935
          7       0.96      0.85      0.90       172
          8       0.98      0.97      0.97       527
          9       0.96      0.93      0.94       472
         10       0.99      0.99      0.99       156

avg / total       0.97      0.97      0.97     14478
