             precision    recall  f1-score   support

          1       0.97      0.98      0.97      5090
          2       0.98      0.98      0.98      4465
          3       0.97      0.94      0.95      1826
          4       0.98      0.95      0.97       528
          5       0.99      0.97      0.98       304
          6       0.95      0.93      0.94       935
          7       0.94      0.84      0.89       171
          8       0.97      0.97      0.97       526
          9       0.97      0.95      0.96       471
         10       0.98      0.98      0.98       155

avg / total       0.97      0.97      0.97     14471
